Realtime [sec],Sim Time [sec],Sim Time from MPC [sec],MPC runtime,v0_dist [m],v0_lane [-],v0_spd [m/s],v0_acc [m/s2],v1_dist [m],v1_lane [-],v1_spd [m/s],v1_acc [m/s2],v1_accCmd [m/s2]
0.0,0.0,0.0,0.0,0.0,0.0,0.0,0.0,0.0,0.0,0.0,0.0,0.0
0.0,0.0,0.0,0.0,0.0,0.0,0.0,0.0,0.0,0.0,0.0,0.0,0.0
0.0,0.0,0.0,0.0,0.0,0.0,0.0,0.0,0.0,0.0,0.0,0.0,0.0
0.0,0.2,0.0,0.008877992630004883,20.0,0.0,0.0,0.0,0.0,0.0,0.0,0.0,0.0
0.11934898799518123,0.3,0.0,0.015819787979125977,20.0,0.0,0.0,0.0,226.619,0.0,0.0,0.0,0.0
0.13696351600810885,0.4,0.0,0.01241612434387207,20.0,0.0,0.0,0.0,226.619,0.0,0.0,0.0,0.0
0.21897475901641883,0.5,0.0,0.013252973556518555,20.0,0.0,0.0,0.0,226.619,0.0,0.0,0.0,0.0
0.3194396370090544,0.6,0.0,0.012614727020263672,20.0,0.0,0.0,0.0,226.619,0.0,0.0,0.0,0.0
0.41655652099871077,0.7,0.0,0.01329803466796875,20.0,0.0,0.0,0.0,226.619,0.0,0.0,0.0,0.0
0.5172330159984995,0.8,0.0,0.01471090316772461,20.0,0.0,0.0,0.0,226.619,0.0,0.0,0.0,0.0
0.6211229540058412,0.9,0.0,0.013304948806762695,20.0,0.0,0.0,0.0,226.619,0.0,0.0,0.0,0.0
0.7191899240133353,1.0,0.0,0.013889312744140625,20.0,0.0,0.0,0.0,226.619,0.0,0.0,0.0,0.0
0.8205516960006207,1.1,0.0,0.014194726943969727,20.0,0.0,0.0,0.0,226.619,0.0,0.0,0.0,0.0
0.9208980149996933,1.2,0.0,0.012857675552368164,20.0,0.0,0.0,0.0,226.619,0.0,0.0,0.0,0.0
1.01836626502336,1.3,0.0,0.01351165771484375,20.0,0.0,0.0,0.0,226.619,0.0,0.0,0.0,0.0
1.2191764250164852,1.4,0.0,0.006582021713256836,20.0,0.0,0.0,0.0,226.619,0.0,0.0,0.0,0.0
1.227001418999862,1.5,0.0,0.014138221740722656,20.0,0.0,0.0,0.0,226.619,0.0,0.0,0.0,0.0
1.32109886300168,1.6,0.0,0.014358997344970703,20.0,0.0,0.0,0.0,226.619,0.0,0.0,0.0,0.0
1.4199368730187416,1.7,0.0,0.012823343276977539,20.0,0.0,0.0,0.0,226.619,0.0,0.0,0.0,0.0
1.5189361090015154,1.8,0.0,0.014693260192871094,20.0,0.0,0.0,0.0,226.619,0.0,0.0,0.0,0.0
1.6191627790103666,1.9,1.600000023841858,0.014000892639160156,20.0,0.0,0.0,0.0,226.619,0.0,0.0,0.0,-0.386592835187912
1.7199280060012825,2.0,1.7999999523162842,0.009242057800292969,20.0,0.0,0.0,0.0,0.35046141759391175,0.0,0.13692377507686615,1.3692377507686615,-0.38692378997802734
1.8143623119976837,2.1,1.7999999523162842,0.010018587112426758,20.0,0.0,0.0,0.0,0.33864015195407554,0.0,0.13692377507686615,0.0,-0.3813711106777191
1.9158853600092698,2.2,2.0,0.010045289993286133,20.0,0.0,0.0,0.0,0.32780278933393525,0.0,0.1313711255788803,-0.0555264949798584,0.05311351269483566
2.0133800260082353,2.3,2.200000047683716,0.010891914367675781,20.0,0.0,0.0,0.0,0.31734769776313443,0.0,0.11089400202035904,-0.2047712355852127,0.08480659872293472
2.114637794002192,2.4,2.299999952316284,0.01041722297668457,20.0,0.0,0.0,0.0,0.3120256888217696,0.0,0.032033782452344894,-0.7886021956801414,0.09022864699363708
2.3146352670155466,2.5,2.299999952316284,0.005772829055786133,20.0,0.0,0.0,0.0,0.3095160076993041,0.0,0.049854230135679245,0.1782044768333435,0.09022864699363708
2.3216722890210804,2.6,2.299999952316284,0.01048898696899414,20.0,0.0,0.0,0.0,0.3095160076993041,0.0,0.049854230135679245,0.0,0.0909326821565628
2.417050846008351,2.7,2.5999999046325684,0.010123014450073242,20.0,0.0,0.0,0.0,0.3044739199163209,0.0,0.07904873043298721,0.2919450029730797,0.08275263756513596
2.5168167219962925,2.8,2.5999999046325684,0.011167526245117188,20.0,0.0,0.0,0.0,0.2979729329253538,0.0,0.08289229869842529,0.0384356826543808,0.08266659080982208
2.6158984579960816,2.9,2.799999952316284,0.011051177978515625,20.0,0.0,0.0,0.0,0.2907670216816244,0.0,0.089934803545475,0.07042504847049713,0.07896077632904053
2.715000185999088,3.0,2.799999952316284,0.009863853454589844,20.0,0.0,0.0,0.0,0.28238397082407063,0.0,0.09755482524633408,0.0762002170085907,0.08067421615123749
2.8140029160131235,3.1,3.0,0.011535882949829102,20.0,0.0,0.0,0.0,0.2734232649064664,0.0,0.0973840057849884,-0.001708194613456726,0.07974757999181747
2.9165489010047168,3.2,3.0,0.003320932388305664,20.0,0.0,0.0,0.0,0.264690138799233,0.0,0.0962473601102829,-0.011366456747055054,0.07879792898893356
3.0058512990071904,3.3,3.200000047683716,0.009996652603149414,20.0,0.0,0.0,0.0,0.2558678253832451,0.0,0.09280674159526825,-0.034406185150146484,0.08395350724458694
3.117280988022685,3.4,3.200000047683716,0.011178016662597656,20.0,0.0,0.0,0.0,0.24769485057357876,0.0,0.08623821288347244,-0.06568528711795807,0.08264303207397461
3.2172502070025075,3.5,3.4000000953674316,0.009702682495117188,20.0,0.0,0.0,0.0,0.24040322805512668,0.0,0.07818526774644852,-0.08052945137023926,0.10454618185758591
3.418041590019129,3.6,3.4000000953674316,0.006449222564697266,20.0,0.0,0.0,0.0,0.2281496210268418,0.0,0.05710612237453461,-0.2107914537191391,0.10454618185758591
3.4283195870229974,3.7,3.5,0.011039018630981445,20.0,0.0,0.0,0.0,0.2281496210268418,0.0,0.05710612237453461,0.0,0.11448298394680023
3.5184317090024706,3.8,3.5,0.010270118713378906,20.0,0.0,0.0,0.0,0.22374649009520273,0.0,0.045743562281131744,-0.11362560093402863,0.11710930615663528
3.6170549929956906,3.9,3.799999952316284,0.009055137634277344,20.0,0.0,0.0,0.0,0.22054631412347056,0.0,0.03557121753692627,-0.10172344744205475,0.15058983862400055
3.7163770900224335,4.0,3.799999952316284,0.010493040084838867,20.0,0.0,0.0,0.0,0.22462155462707833,0.0,0.02414712868630886,-0.11424088850617409,0.1532706320285797
3.817602666997118,4.1,4.0,0.010712862014770508,20.0,0.0,0.0,0.0,0.2310742015714326,0.0,0.017750350758433342,-0.06396777927875519,0.1813219040632248
3.9157644840015564,4.2,4.0,0.009903669357299805,20.0,0.0,0.0,0.0,0.23923826228493536,0.0,0.018663831055164337,0.009134802967309952,0.17947398126125336
4.015451052022399,4.3,4.199999809265137,0.01031494140625,20.0,0.0,0.0,0.0,0.24771125745421188,0.0,0.024136722087860107,0.0547289103269577,0.2068803459405899
4.116793152003083,4.4,4.199999809265137,0.010798931121826172,20.0,0.0,0.0,0.0,0.25803011938901654,0.0,0.03974809870123863,0.15611376613378525,0.20116448402404785
4.216760490002343,4.5,4.400000095367432,0.010831356048583984,20.0,0.0,0.0,0.0,0.2693406552107089,0.0,0.05664719268679619,0.16899093985557556,0.23191270232200623
4.318059934012126,4.6,4.5,0.01068425178527832,20.0,0.0,0.0,0.0,0.28281601868075734,0.0,0.0730510950088501,0.1640390232205391,0.24233801662921906
4.515343676001066,4.7,4.5,0.005694866180419922,20.0,0.0,0.0,0.0,0.3151874739287421,0.0,0.11545559018850327,0.4240449517965317,0.24233801662921906
4.52219881201745,4.8,4.5,0.011406898498535156,20.0,0.0,0.0,0.0,0.3151874739287421,0.0,0.11545559018850327,0.0,0.23680678009986877
4.618437316996278,4.9,4.800000190734863,0.011482000350952148,20.0,0.0,0.0,0.0,0.3340462253766502,0.0,0.13474929332733154,0.19293703138828278,0.2760205864906311
4.717422101995908,5.0,4.800000190734863,0.01047372817993164,20.0,0.0,0.0,0.0,0.35015070649852154,0.0,0.15156523883342743,0.16815945506095886,0.28074389696121216
4.8162347260222305,5.1,5.0,0.011350393295288086,20.0,0.0,0.0,0.0,0.3664512977359895,0.0,0.16592605412006378,0.14360815286636353,0.3043327033519745
4.916767504008021,5.2,5.0,0.013114452362060547,20.0,0.0,0.0,0.0,0.3847469625687039,0.0,0.18876922130584717,0.22843167185783386,0.3050304651260376
5.01909701601835,5.3,5.199999809265137,0.00963139533996582,20.0,0.0,0.0,0.0,0.4045511334773065,0.0,0.20083677768707275,0.12067556381225586,0.32956796884536743
5.113543598999968,5.4,5.199999809265137,0.010667085647583008,20.0,0.0,0.0,0.0,0.42593978884122863,0.0,0.21601685881614685,0.15180081129074097,0.32631048560142517
5.21718880100525,5.5,5.400000095367432,0.010076284408569336,20.0,0.0,0.0,0.0,0.44891143010357665,0.0,0.23633813858032227,0.20321279764175415,0.3523562550544739
5.316355209011817,5.6,5.400000095367432,0.009967565536499023,20.0,0.0,0.0,0.0,0.4740525800734442,0.0,0.25898635387420654,0.22648215293884277,0.34961453080177307
5.4164248860033695,5.7,5.599999904632568,0.010086536407470703,20.0,0.0,0.0,0.0,0.5011945352324504,0.0,0.2771793007850647,0.18192946910858154,0.37445542216300964
5.616746254003374,5.8,5.599999904632568,0.008637428283691406,20.0,0.0,0.0,0.0,0.5618417043485415,0.0,0.31824395060539246,0.4106464982032776,0.37330061197280884
5.629005334019894,5.9,5.699999809265137,0.010055303573608398,20.0,0.0,0.0,0.0,0.5957051660975405,0.0,0.34049463272094727,0.2225068211555481,0.38611268997192383
5.714402326004347,6.0,5.699999809265137,0.010895729064941406,20.0,0.0,0.0,0.0,0.5957051660975405,0.0,0.34049463272094727,0.0,0.37982091307640076
5.815133309020894,6.1,6.0,0.009639263153076172,20.0,0.0,0.0,0.0,0.6317181454961106,0.0,0.3646400272846222,0.24145394563674927,0.4118780493736267
5.915461012016749,6.2,6.0,0.010372161865234375,20.0,0.0,0.0,0.0,0.6700521886860213,0.0,0.38770776987075806,0.23067742586135864,0.40938201546669006
6.016413458011812,6.3,6.199999809265137,0.009125947952270508,20.0,0.0,0.0,0.0,0.7107079908740752,0.0,0.4085938036441803,0.2088603377342224,0.44109565019607544
6.1145321520161815,6.4,6.199999809265137,0.00892782211303711,20.0,0.0,0.0,0.0,0.7538788350015266,0.0,0.4337969422340393,0.2520313858985901,0.42786887288093567
6.213680340995779,6.5,6.400000095367432,0.009926080703735352,20.0,0.0,0.0,0.0,0.799626239146228,0.0,0.4636853039264679,0.2988836169242859,0.4502864181995392
6.3157190040219575,6.6,6.400000095367432,0.00926351547241211,20.0,0.0,0.0,0.0,0.8481716035024942,0.0,0.48743173480033875,0.2374643087387085,0.436111718416214
6.414869694999652,6.7,6.599999904632568,0.010014533996582031,20.0,0.0,0.0,0.0,0.8992893411861347,0.0,0.5178531408309937,0.3042140603065491,0.45775946974754333
6.515424931014422,6.8,6.599999904632568,0.008886337280273438,20.0,0.0,0.0,0.0,0.953021628076742,0.0,0.541976273059845,0.24123132228851318,0.4550245404243469
6.713201268023113,6.9,6.599999904632568,0.007033824920654297,20.0,0.0,0.0,0.0,1.0714683528823328,0.0,0.6008657813072205,0.5888950824737549,0.4550245404243469
6.722143731021788,7.0,6.699999809265137,0.009262800216674805,20.0,0.0,0.0,0.0,1.0714683528823328,0.0,0.6008657813072205,0.0,0.4557293951511383
6.813363506022142,7.1,7.0,0.009014129638671875,20.0,0.0,0.0,0.0,1.136285990385483,0.0,0.6310734748840332,0.30207693576812744,0.4673931896686554
6.913397299009375,7.2,7.0,0.008909940719604492,20.0,0.0,0.0,0.0,1.2042014539694061,0.0,0.6577140688896179,0.26640594005584717,0.4616764783859253
7.014807530009421,7.3,7.199999809265137,0.00858759880065918,20.0,0.0,0.0,0.0,1.2745234299857089,0.0,0.6892238259315491,0.3150975704193115,0.46535369753837585
7.115060411015293,7.4,7.199999809265137,0.01064920425415039,20.0,0.0,0.0,0.0,1.3481580046388784,0.0,0.7209143042564392,0.31690478324890137,0.4593556523323059
7.21483016302227,7.5,7.400000095367432,0.009695053100585938,20.0,0.0,0.0,0.0,1.425033185401836,0.0,0.757033109664917,0.36118805408477783,0.4685940742492676
7.314816194004379,7.6,7.400000095367432,0.008579492568969727,20.0,0.0,0.0,0.0,1.505654186785398,0.0,0.7941701412200928,0.3713703155517578,0.4559127390384674
7.414281667995965,7.7,7.599999904632568,0.008552074432373047,20.0,0.0,0.0,0.0,1.5894927597598953,0.0,0.8285427093505859,0.34372568130493164,0.4546859860420227
7.514705984009197,7.8,7.599999904632568,0.008392095565795898,20.0,0.0,0.0,0.0,1.6771872277660262,0.0,0.8655259013175964,0.369831919670105,0.44508814811706543
7.614557249005884,7.9,7.800000190734863,0.008584737777709961,20.0,0.0,0.0,0.0,1.7683675244961643,0.0,0.9049655199050903,0.39439618587493896,0.43588683009147644
7.81437436901615,8.0,7.800000190734863,0.008227825164794922,20.0,0.0,0.0,0.0,1.9598255015322041,0.0,0.976076066493988,0.711105465888977,0.43588683009147644
7.826421566016506,8.1,7.800000190734863,0.008505582809448242,20.0,0.0,0.0,0.0,1.9598255015322041,0.0,0.976076066493988,0.0,0.44502535462379456
7.914152625016868,8.2,8.0,0.009760141372680664,20.0,0.0,0.0,0.0,7.8760614422464945,0.0,1.0000972747802734,0.240212082862854,0.43056347966194153
8.016101298999274,8.3,8.0,0.008119344711303711,20.0,0.0,0.0,0.0,7.976352058101839,0.0,1.034284234046936,0.341869592666626,0.42773666977882385
8.113745288021164,8.4,8.199999809265137,0.003256082534790039,20.0,0.0,0.0,0.0,7.976352058101839,0.0,1.034284234046936,0.0,0.37601420283317566
8.207260987022892,8.5,8.399999618530273,0.008374214172363281,20.0,0.0,0.0,0.0,8.186989394798026,0.0,1.0967795848846436,0.6249535083770752,0.35917291045188904
8.315054275008151,8.6,8.399999618530273,0.007903337478637695,20.0,0.0,0.0,0.0,8.297614576816814,0.0,1.1310724020004272,0.3429281711578369,0.33746713399887085
8.413355416007107,8.7,8.600000381469727,0.010256052017211914,20.00003576,0.0,0.000357600000000013,0.0035760000000001294,8.41187497302373,0.0,1.1680673360824585,0.3699493408203125,0.33969107270240784
8.514335134997964,8.8,8.600000381469727,0.00885915756225586,20.00063176,0.0,0.00596000000000002,0.056024000000000074,8.529779757336861,0.0,1.1951128244400024,0.27045488357543945,0.2989053726196289
8.613298894022591,8.9,8.800000190734863,0.008794546127319336,20.00182376,0.0,0.01192,0.0595999999999998,8.650443728570755,0.0,1.2249926328659058,0.2987980842590332,0.34136641025543213
8.715217015997041,9.0,8.899999618530273,0.009299993515014648,20.003611760000002,0.0,0.01788,0.0596,8.774030166085373,0.0,1.2542566061019897,0.29263973236083984,0.32230496406555176
8.91617270000279,9.1,8.899999618530273,0.0065271854400634766,20.00599576,0.0,0.02384,0.0596,9.030566105734586,0.0,1.3196486234664917,0.6539201736450195,0.32230496406555176
8.924887680012034,9.2,8.899999618530273,0.008811235427856445,20.008975760000002,0.0,0.0298,0.0596,9.030566105734586,0.0,1.3196486234664917,0.0,0.324834942817688
9.015099873009603,9.3,9.199999809265137,0.009503364562988281,20.013266960000003,0.0,0.0429119999999999,0.13111999999999902,9.163908317091312,0.0,1.3540581464767456,0.34409523010253906,0.3073781728744507
9.115890943998238,9.4,9.199999809265137,0.010065555572509766,20.029358960000003,0.0,0.16092,1.1800800000000011,9.301345159348386,0.0,1.396081566810608,0.42023420333862305,0.2959084212779999
9.215308562997961,9.5,9.399999618530273,0.010105133056640625,20.05796696,0.0,0.28608,1.2515999999999998,9.442470539192472,0.0,1.4291143417358398,0.33032774925231934,0.27521270513534546
9.316565777000505,9.6,9.399999618530273,0.010703086853027344,20.09909096,0.0,0.41124,1.2515999999999998,9.586430430377618,0.0,1.4482166767120361,0.1910233497619629,0.2740219235420227
9.41635301601491,9.7,9.600000381469727,0.008331298828125,20.152730960000003,0.0,0.5364,1.2515999999999998,9.732550861182334,0.0,1.4736641645431519,0.2544748783111572,0.2531120777130127
9.512332045997027,9.8,9.600000381469727,0.01068878173828125,20.218886960000003,0.0,0.66156,1.2516000000000005,9.880901356800122,0.0,1.4885838031768799,0.14919638633728027,0.24644964933395386
9.617617063020589,9.9,9.800000190734863,0.010707378387451172,20.297827160000004,0.0,0.789402000000001,1.27842000000001,10.031052381280533,0.0,1.5132495164871216,0.246657133102417,0.22032195329666138
9.716402063000714,10.0,9.800000190734863,0.011269330978393555,20.393485160000004,0.0,0.95658,1.6717799999999894,10.179253784347408,0.0,1.5376399755477905,0.24390459060668945,0.22597813606262207
9.816628588014282,10.1,10.0,0.009403228759765625,20.506129160000004,0.0,1.12644,1.6986000000000012,10.328665997163847,0.0,1.5462177991867065,0.08577823638916016,0.18908412754535675
10.013576048018876,10.2,10.0,0.007352352142333984,20.635759160000003,0.0,1.2963,1.698599999999999,10.631393630066988,0.0,1.586803913116455,0.40586113929748535,0.18908412754535675
10.023070313996868,10.3,10.199999809265137,0.010681390762329102,20.782375160000004,0.0,1.46616,1.698599999999999,10.631393630066988,0.0,1.586803913116455,0.0,0.16169960796833038
10.115684941003565,10.4,10.199999809265137,0.010724782943725586,20.945977160000005,0.0,1.63602,1.6986000000000012,10.785992661496078,0.0,1.5986931324005127,0.11889219284057617,0.15822486579418182
10.215936281019822,10.5,10.199999809265137,0.011533260345458984,21.126529400000006,0.0,1.8055224,1.6950240000000005,10.941775079212455,0.0,1.607235074043274,0.0854194164276123,0.16154919564723969
10.31826598601765,10.6,10.399999618530273,0.010873079299926758,21.323507400000008,0.0,1.96978,1.642576,11.098600964583289,0.0,1.6222320795059204,0.14997005462646484,0.13349953293800354
10.41827363500488,10.7,10.600000381469727,0.011162757873535156,21.536875400000007,0.0,2.13368,1.6389999999999993,11.25713737612751,0.0,1.6277128458023071,0.05480766296386719,0.11054515093564987
10.517998808005359,10.8,10.600000381469727,0.009989261627197266,21.766633400000007,0.0,2.29758,1.6389999999999993,11.415704782409271,0.0,1.6260795593261719,-0.01633286476135254,0.10550795495510101
10.617083159013418,10.9,10.800000190734863,0.009732484817504883,22.01278140000001,0.0,2.46148,1.6389999999999993,11.57559691884485,0.0,1.6434813737869263,0.17401814460754395,0.0858612209558487
10.716723129997263,11.0,10.800000190734863,0.01027822494506836,22.275319400000008,0.0,2.62538,1.6389999999999993,11.741373091667722,0.0,1.656121850013733,0.1264047622680664,0.08530229330062866
10.816761951020453,11.1,11.0,0.011391401290893555,22.554193760000008,0.0,2.7887436,1.6336360000000028,11.909090219827943,0.0,1.662424087524414,0.06302237510681152,0.06040683388710022
10.918699486996047,11.2,11.100000381469727,0.01099252700805664,22.848617760000007,0.0,2.94424,1.554964000000001,12.077978824563933,0.0,1.681283950805664,0.1885986328125,0.06100849434733391
11.117933457018808,11.3,11.100000381469727,0.009469747543334961,23.15853776000001,0.0,3.0992,1.5495999999999999,16.529951916491815,0.0,1.7025777101516724,0.212937593460083,0.05378125607967377
11.130470728996443,11.4,11.100000381469727,0.01067662239074707,23.48395376000001,0.0,3.25416,1.5495999999999999,16.696990312055885,0.0,1.7166465520858765,0.14068841934204102,0.05378125607967377
11.216185847006273,11.5,11.100000381469727,0.010225057601928711,23.82486576000001,0.0,3.40912,1.5495999999999999,16.696990312055885,0.0,1.7166465520858765,0.0,0.05687113106250763
11.316961289005121,11.6,11.399999618530273,0.012139558792114258,24.18127376000001,0.0,3.56408,1.5495999999999999,16.86553982244874,0.0,1.7255579233169556,0.08911371231079102,-0.39587172865867615
11.417223252006806,11.7,11.600000381469727,0.008150577545166016,24.553016840000012,0.0,3.7174308,1.5335079999999968,17.0347594575713,0.0,1.7242748737335205,-0.012830495834350586,0.015990763902664185
11.515058993012644,11.8,11.600000381469727,0.010200738906860352,24.93773484000001,0.0,3.84718,1.297492,17.204638456899524,0.0,1.7280285358428955,0.03753662109375,0.039058785885572433
11.614603355003055,11.9,11.600000381469727,0.009881258010864258,25.33526684000001,0.0,3.97532,1.2814000000000014,17.375218772425097,0.0,1.7318806648254395,0.03852128982543945,-0.01995263062417507
11.716034857003251,12.0,11.800000190734863,0.011604547500610352,25.74561284000001,0.0,4.10346,1.2814000000000014,17.546193859088124,0.0,1.7330737113952637,0.011930465698242188,0.05709521844983101
11.818410266016144,12.1,12.0,0.009692192077636719,26.16877284000001,0.0,4.2316,1.2814000000000014,17.716875588401173,0.0,1.731423020362854,-0.01650691032409668,0.07607880234718323
11.916343525022967,12.2,12.0,0.009963750839233398,26.60474684000001,0.0,4.35974,1.2814000000000014,17.88716970464601,0.0,1.7212738990783691,-0.10149121284484863,0.07024401426315308
12.015309003007133,12.3,12.199999809265137,0.010075092315673828,27.05323088000001,0.0,4.4848404,1.251004,18.056395373667502,0.0,1.7157424688339233,-0.05531430244445801,0.08981496095657349
12.216246880008839,12.4,12.199999809265137,0.006932735443115234,27.50976688000001,0.0,4.56536,0.8051959999999969,18.39495050158519,0.0,1.709550142288208,-0.06192326545715332,0.08981496095657349
12.225655412999913,12.5,12.199999809265137,0.012379169464111328,27.97405088000001,0.0,4.64284,0.7747999999999955,18.39495050158519,0.0,1.709550142288208,0.0,0.08934950828552246
12.31973426102195,12.6,12.399999618530273,0.012339353561401367,28.44608288000001,0.0,4.72032,0.7748000000000044,18.564258967452652,0.0,1.714059591293335,0.04509449005126953,0.09990861266851425
12.418953039014013,12.7,12.600000381469727,0.01060175895690918,28.92586288000001,0.0,4.7978,0.7747999999999955,18.734466194701287,0.0,1.7188395261764526,0.04779934883117676,0.11684583127498627
12.517384213017067,12.8,12.600000381469727,0.009676456451416016,29.413390880000012,0.0,4.87528,0.7748000000000044,18.904969223518652,0.0,1.715154767036438,-0.036847591400146484,0.1342996060848236
12.616611371020554,12.9,12.800000190734863,0.009948015213012695,29.908291400000014,0.0,4.9490052,0.7372520000000016,19.075458775067066,0.0,1.7198535203933716,0.04698753356933594,0.09780323505401611
12.71655743001611,13.0,12.800000190734863,0.010063409805297852,30.405057400000015,0.0,4.96766,0.18654800000000193,19.245924310249954,0.0,1.7246729135513306,0.048193931579589844,0.1106778010725975
12.815493097004946,13.1,13.0,0.01031494140625,30.903313400000016,0.0,4.98256,0.14899999999999913,19.416901266271925,0.0,1.7314614057540894,0.06788492202758789,0.10032282769680023
12.916940580005758,13.2,13.0,0.008865833282470703,31.403059400000018,0.0,4.99746,0.14899999999999913,19.589299556794526,0.0,1.7464126348495483,0.14951229095458984,0.09034071862697601
13.014874810003676,13.3,13.0,0.010614156723022461,31.904295400000017,0.0,5.01236,0.14899999999999913,19.76292450447748,0.0,1.757976770401001,0.11564135551452637,0.07704131305217743
13.116507916012779,13.4,13.300000190734863,0.010046243667602539,32.40702140000002,0.0,5.02726,0.14899999999999913,19.76292450447748,0.0,1.757976770401001,0.0,0.07005055248737335
13.316293470008532,13.5,13.300000190734863,0.005613565444946289,32.91089768000002,0.0,5.0387628,0.11502799999999702,20.29018553758013,0.0,1.7870985269546509,0.291217565536499,0.07005055248737335
13.323411421006313,13.6,13.300000190734863,0.0036389827728271484,33.41094168000002,0.0,5.00044,-0.38322799999999546,20.29018553758013,0.0,1.7870985269546509,0.0,0.10369708389043808
13.40626228399924,13.7,13.600000381469727,0.00860595703125,33.90681368000002,0.0,4.95872,-0.41720000000000645,20.4675514855652,0.0,1.7929003238677979,0.05801796913146973,0.0861610621213913
13.513986424019095,13.8,13.600000381469727,0.009670019149780273,34.39851368000002,0.0,4.917,-0.4171999999999976,20.645911851604346,0.0,1.8036025762557983,0.10702252388000488,0.08449211716651917
13.61545502601075,13.9,13.800000190734863,0.00870656967163086,34.88604168000002,0.0,4.87528,-0.4171999999999976,20.825655820049274,0.0,1.817481517791748,0.13878941535949707,0.14806032180786133
13.71417153000948,14.0,13.800000190734863,0.008632659912109375,35.36939768000002,0.0,4.83356,-0.4171999999999976,21.00945710647305,0.0,1.8255563974380493,0.0807487964630127,0.20093023777008057
13.81473052201909,14.1,14.0,0.009999752044677734,35.84847440000002,0.0,4.7907672,-0.42792799999999964,21.1942577973275,0.0,1.8305078744888306,0.0495147705078125,0.27740955352783203
13.916465329006314,14.2,14.0,0.009521484375,36.321698400000024,0.0,4.73224,-0.5852720000000033,21.37935459634258,0.0,1.8348164558410645,0.04308581352233887,0.2782689929008484
14.01515326500521,14.3,14.199999809265137,0.009627580642700195,36.788962400000024,0.0,4.67264,-0.5959999999999965,21.565043509481622,0.0,1.8404580354690552,0.05641579627990723,0.2879939675331116
14.113842282997211,14.4,14.199999809265137,0.008889198303222656,37.25026640000002,0.0,4.61304,-0.5960000000000054,21.7527787191608,0.0,1.8607581853866577,0.2030014991760254,0.28642910718917847
14.214847913011909,14.5,14.399999618530273,0.008668184280395508,37.70561040000002,0.0,4.55344,-0.5959999999999965,21.94242616807169,0.0,1.888384461402893,0.2762627601623535,0.29771363735198975
14.415262271999381,14.6,14.399999618530273,0.006319999694824219,38.15499440000002,0.0,4.49384,-0.5960000000000054,22.328708865903696,0.0,1.9288023710250854,0.40417909622192383,0.29771363735198975
14.42318360801437,14.7,14.600000381469727,0.008573055267333984,38.59834688000002,0.0,4.4335248,-0.6031519999999979,22.328708865903696,0.0,1.9288023710250854,0.0,0.30751603841781616
14.514610362995882,14.8,14.600000381469727,0.00872182846069336,39.034618880000025,0.0,4.36272,-0.7080479999999945,22.524433072734745,0.0,1.9515665769577026,0.22764205932617188,0.3057442605495453
14.616081510001095,14.9,14.800000190734863,0.008556127548217773,39.46373888000002,0.0,4.2912,-0.7152000000000047,22.72341009188172,0.0,1.9847869873046875,0.33220410346984863,0.3196720480918884
14.714783750008792,15.0,14.800000190734863,0.008083343505859375,39.88570688000002,0.0,4.21968,-0.7151999999999958,22.92677939769154,0.0,2.0087943077087402,0.24007320404052734,0.3172999322414398
14.81403087201761,15.1,15.0,0.008168220520019531,40.300522880000024,0.0,4.14816,-0.7152000000000047,23.130865289678642,0.0,2.0075128078460693,-0.012814998626708984,0.3209710717201233
14.91497732300195,15.2,15.0,0.008370161056518555,40.70818688000002,0.0,4.07664,-0.7151999999999958,23.33663413273821,0.0,2.0409417152404785,0.3342890739440918,0.3214619755744934
15.013963132019853,15.3,15.199999809265137,0.00882577896118164,41.10818036000002,0.0,3.9999348,-0.7670520000000014,23.5447858932116,0.0,2.064387559890747,0.23445844650268555,0.3236025869846344
15.114834517997224,15.4,15.199999809265137,0.009962797164916992,41.49289836000002,0.0,3.84718,-1.527548000000003,23.754819812844705,0.0,2.0828335285186768,0.18445968627929688,0.32629698514938354
15.216371759015601,15.5,15.399999618530273,0.010092973709106445,41.86182236000002,0.0,3.68924,-1.5793999999999997,23.967743361138464,0.0,2.1137478351593018,0.30914306640625,0.32490360736846924
15.317918193002697,15.6,15.399999618530273,0.00819540023803711,42.21495236000002,0.0,3.5313,-1.5793999999999997,24.183545347488515,0.0,2.1359870433807373,0.22239208221435547,0.31600499153137207
15.515340537007432,15.7,15.399999618530273,0.006736278533935547,42.55228836000002,0.0,3.37336,-1.5793999999999997,24.623310277072584,0.0,2.199141502380371,0.6315445899963379,0.31600499153137207
15.525203990022419,15.8,15.5,0.010359048843383789,42.87383036000002,0.0,3.21542,-1.5793999999999997,24.623310277072584,0.0,2.199141502380371,0.0,0.3194122314453125
15.617618567019235,15.9,15.800000190734863,0.007986307144165039,43.17948896000002,0.0,3.056586,-1.5883400000000014,24.84584752964606,0.0,2.207085371017456,0.07943868637084961,0.3100239932537079
15.714041610015556,16.0,15.800000190734863,0.007988929748535156,43.46795296000002,0.0,2.88464,-1.719459999999997,25.068015138843258,0.0,2.2274351119995117,0.20349740982055664,0.299245148897171
15.813383030996192,16.1,16.0,0.008003711700439453,43.73913296000002,0.0,2.7118,-1.7283999999999988,25.291560593331656,0.0,2.2634947299957275,0.3605961799621582,0.29749438166618347
15.914715007005725,16.2,16.0,0.0081787109375,43.99302896000002,0.0,2.53896,-1.7284000000000033,25.521149910984242,0.0,2.320847988128662,0.5735325813293457,0.2878948152065277
16.013848589005647,16.3,16.200000762939453,0.007265329360961914,44.22964096000002,0.0,2.36612,-1.7283999999999988,25.754042194277787,0.0,2.3419363498687744,0.21088361740112305,0.2711712419986725
16.113817221019417,16.4,16.200000762939453,0.008592605590820312,44.448968960000016,0.0,2.19328,-1.7283999999999988,25.989776499323014,0.0,2.3762645721435547,0.34328222274780273,0.27184540033340454
16.21535917901201,16.5,16.399999618530273,0.008339405059814453,44.651263280000016,0.0,2.0229432,-1.7033680000000029,26.228629320915385,0.0,2.403646230697632,0.2738165855407715,0.26422297954559326
16.314069996995386,16.6,16.399999618530273,0.008630752563476562,44.84019528000002,0.0,1.88932,-1.3362319999999972,26.470788007997097,0.0,2.440182685852051,0.36536455154418945,0.2568173110485077
16.415746792015852,16.7,16.600000381469727,0.007972002029418945,45.01601528000002,0.0,1.7582,-1.3112000000000013,26.715426261330993,0.0,2.4551339149475098,0.14951229095458984,0.23428310453891754
16.614258674002485,16.8,16.600000381469727,0.006951570510864258,45.17872328000002,0.0,1.62708,-1.311199999999999,26.960943990563877,0.0,2.4732894897460938,0.18155574798583984,0.23428310453891754
16.625191121012904,16.9,16.600000381469727,0.007773876190185547,45.328319280000024,0.0,1.49596,-1.3112000000000013,26.960943990563877,0.0,2.4732894897460938,0.0,0.23625816404819489
16.714681742014363,17.0,16.799999237060547,0.008001327514648438,45.46480328000003,0.0,1.36484,-1.311199999999999,27.46256656556005,0.0,2.5335566997528076,0.6026721000671387,0.2235051691532135
16.8151511560136,17.1,17.0,0.008340120315551758,45.589069280000025,0.0,1.24266,-1.2217999999999996,27.716111492443943,0.0,2.5413920879364014,0.0783538818359375,0.19601179659366608
16.91526397402049,17.2,17.0,0.008483648300170898,45.714229280000026,0.0,1.2516,0.08939999999999948,27.969401662749764,0.0,2.54537296295166,0.03980875015258789,0.1984008550643921
17.01432041701628,17.3,17.200000762939453,0.009411096572875977,45.841177280000025,0.0,1.26948,0.17879999999999896,28.225739718493685,0.0,2.580064296722412,0.34691333770751953,0.16666679084300995
17.115858442004537,17.4,17.200000762939453,0.009271621704101562,45.96991328000003,0.0,1.28736,0.17880000000000118,28.484074245335712,0.0,2.5920796394348145,0.12015342712402344,0.17841237783432007
17.215790904010646,17.5,17.399999618530273,0.009026288986206055,46.10043728000003,0.0,1.30524,0.17879999999999896,28.743740705331874,0.0,2.620424509048462,0.2834486961364746,0.15182608366012573
17.315474219009047,17.6,17.399999618530273,0.008790016174316406,46.23274928000003,0.0,1.32312,0.17880000000000118,29.00400732323116,0.0,2.6072146892547607,-0.13209819793701172,0.1447729617357254
17.414536563010188,17.7,17.600000381469727,0.010295391082763672,46.36738568000003,0.0,1.346364,0.2324399999999982,29.265435209051617,0.0,2.6354787349700928,0.2826404571533203,0.12754151225090027
17.517724171018926,17.8,17.700000762939453,0.008070707321166992,46.51221368000002,0.0,1.44828,1.0191600000000012,29.529538603156112,0.0,2.6541526317596436,0.1867389678955078,0.11433703452348709
17.715196272009052,17.9,17.700000762939453,0.008502483367919922,46.66776968000002,0.0,1.55556,1.0728000000000004,30.06515283903891,0.0,2.698758363723755,0.4460573196411133,0.11433703452348709
17.728451589006,18.0,17.700000762939453,0.008749723434448242,46.83405368000002,0.0,1.66284,1.0728000000000004,30.06515283903891,0.0,2.698758363723755,0.0,0.11020153015851974
17.816705255012494,18.1,18.0,0.009007692337036133,47.011065680000016,0.0,1.77012,1.0727999999999982,30.335232096779023,0.0,2.6983652114868164,-0.003931522369384766,0.062396708875894547
17.91652337499545,18.2,18.0,0.008409500122070312,47.198805680000014,0.0,1.8774,1.0728000000000004,30.60507496364754,0.0,2.6980438232421875,-0.0032138824462890625,0.07154538482427597
18.014856451016385,18.3,18.200000762939453,0.008824825286865234,47.397398840000015,0.0,1.9859316,1.0853160000000006,33.93514564838559,0.0,2.7227132320404053,0.24669408798217773,0.04268816486001015
18.116035287996056,18.4,18.200000762939453,0.010725021362304688,47.60868084000001,0.0,2.11282,1.2688840000000012,34.20789057813324,0.0,2.738527536392212,0.1581430435180664,0.0468367375433445
18.21537679800531,18.5,18.399999618530273,0.00906682014465332,47.832776840000015,0.0,2.24096,1.281399999999997,34.47947265493405,0.0,2.7166645526885986,-0.2186298370361328,0.00011681563046295196
18.313207758998033,18.6,18.399999618530273,0.009081363677978516,48.06968684000002,0.0,2.3691,1.2814000000000014,34.75081268222822,0.0,2.7274041175842285,0.10739564895629883,-0.0033100927248597145
18.416681864007842,18.7,18.600000381469727,0.009148597717285156,48.31941084000002,0.0,2.49724,1.2814000000000014,35.023322875910004,0.0,2.742170810699463,0.14766693115234375,-0.024051886051893234
18.516323723015375,18.8,18.600000381469727,0.008505821228027344,48.58194884000002,0.0,2.62538,1.281399999999997,35.29743590294283,0.0,2.742610454559326,0.0043964385986328125,-0.023900378495454788
18.614714082999853,18.9,18.799999237060547,0.0077056884765625,48.85733660000002,0.0,2.7538776,1.2849760000000021,35.57016305674605,0.0,2.7300291061401367,-0.12581348419189453,-0.05318125709891319
18.814859196019825,19.0,18.799999237060547,0.0072786808013916016,49.146098600000016,0.0,2.88762,1.3374240000000004,36.11881577313882,0.0,2.7360970973968506,0.06067991256713867,-0.05318125709891319
18.825941279996186,19.1,19.0,0.009407520294189453,49.448270600000015,0.0,3.02172,1.341000000000001,36.11881577313882,0.0,2.7360970973968506,0.0,-0.07075567543506622
18.91726596999797,19.2,19.0,0.007881402969360352,49.763852600000014,0.0,3.15582,1.3409999999999966,36.394615254230494,0.0,2.7538154125213623,0.1771831512451172,-0.05772402510046959
19.012927536008647,19.3,19.200000762939453,0.007031679153442383,50.092844600000014,0.0,3.28992,1.341000000000001,36.67121562054375,0.0,2.7588539123535156,0.0503849983215332,-0.07006420940160751
19.110295579012018,19.4,19.200000762939453,0.009015083312988281,50.43524660000001,0.0,3.42402,1.341000000000001,36.94737044601681,0.0,2.7477622032165527,-0.1109170913696289,-0.07128959149122238
19.214050787006272,19.5,19.399999618530273,0.009807586669921875,50.79102284000001,0.0,3.5577624,1.3374240000000004,37.22210413192875,0.0,2.7376832962036133,-0.10078907012939453,-0.08342072367668152
19.314129214995774,19.6,19.399999618530273,0.007703542709350586,51.15964884000001,0.0,3.68626,1.2849759999999977,37.49822013746784,0.0,2.753756046295166,0.16072750091552734,-0.08235544711351395
19.413388245011447,19.7,19.600000381469727,0.00840449333190918,51.54108884000001,0.0,3.8144,1.2814000000000014,37.77486520936914,0.0,2.7510247230529785,-0.027313232421875,-0.10008414089679718
19.51483641102095,19.8,19.600000381469727,0.008286476135253906,51.935342840000004,0.0,3.94254,1.2814000000000014,38.05103383678033,0.0,2.747328042984009,-0.036966800689697266,-0.09879609197378159
19.615806571004214,19.9,19.600000381469727,0.007914543151855469,52.34241084000001,0.0,4.07068,1.2814000000000014,38.326345689052715,0.0,2.74042010307312,-0.06907939910888672,-0.0958029106259346
19.714687155006686,20.0,19.899999618530273,0.00724482536315918,52.76229284000001,0.0,4.19882,1.2814000000000014,38.60194311452969,0.0,2.7331719398498535,-0.07248163223266602,-0.1234002485871315
19.913524011004483,20.1,19.899999618530273,0.008480548858642578,53.19473852000001,0.0,4.3244568,1.2563679999999966,39.150903399974396,0.0,2.7190001010894775,-0.14171838760375977,-0.1234002485871315
19.926469989004545,20.2,19.899999618530273,0.009135723114013672,53.63607652000001,0.0,4.41338,0.8892319999999998,39.150903399974396,0.0,2.7190001010894775,0.0,-0.12108591198921204
20.01558069200837,20.3,19.899999618530273,0.008977890014648438,54.08605652000001,0.0,4.4998,0.864199999999995,39.423901468372065,0.0,2.7048699855804443,-0.14130115509033203,-0.12147478759288788
20.11598187100026,20.4,19.899999618530273,0.007888078689575195,54.544678520000005,0.0,4.58622,0.8642000000000039,39.69611310392243,0.0,2.7002816200256348,-0.0458836555480957,-0.11931581050157547
20.212183924013516,20.5,19.899999618530273,0.00846242904663086,55.011942520000005,0.0,4.67264,0.8642000000000039,39.96749002363854,0.0,2.692281484603882,-0.0800013542175293,-0.12665830552577972
20.31638678899617,20.6,19.899999618530273,0.009151220321655273,55.48784852000001,0.0,4.75906,0.864199999999995,40.238272777850995,0.0,2.680711269378662,-0.11570215225219727,-0.13141216337680817
20.416778611019254,20.7,19.899999618530273,0.00871729850769043,55.97212832000001,0.0,4.842798,0.8373800000000031,40.50777093650386,0.0,2.674438953399658,-0.06272315979003906,-0.12562663853168488
20.515189288998954,20.8,19.899999618530273,0.0080413818359375,56.46084832000001,0.0,4.8872,0.4440199999999983,40.77693362873908,0.0,2.667492389678955,-0.06946563720703125,-0.12244196981191635
20.613459290005267,20.9,19.899999618530273,0.012192964553833008,56.95374032000001,0.0,4.92892,0.4171999999999976,41.04454911577958,0.0,2.6486148834228516,-0.18877506256103516,-0.12357582896947861
20.718397367018042,21.0,19.899999618530273,0.008385419845581055,57.45080432000001,0.0,4.97064,0.41720000000000645,41.31172792218959,0.0,2.644996166229248,-0.036187171936035156,-0.15361256897449493
20.815201186022023,21.1,19.899999618530273,0.0035152435302734375,57.95204032000001,0.0,5.01236,0.4171999999999976,41.5777458348934,0.0,2.629471778869629,-0.1552438735961914,-0.15000280737876892
21.009441249014344,21.2,19.899999618530273,0.008160829544067383,58.45744832000001,0.0,5.05408,0.4171999999999976,42.10714234105837,0.0,2.6120193004608154,-0.17452478408813477,-0.15000280737876892
21.021665510023013,21.3,19.899999618530273,0.00805974006652832,58.966724360000015,0.0,5.0927604,0.38680400000000503,42.10714234105837,0.0,2.6120193004608154,0.0,-0.1476699262857437
21.1143122180074,21.4,19.899999618530273,0.003399372100830078,59.47541036000001,0.0,5.08686,-0.05900400000000694,42.370447205200705,0.0,2.602703332901001,-0.09315967559814453,-0.15128876268863678
21.207029926008545,21.5,20.299999237060547,0.003527402877807617,59.983202360000014,0.0,5.07792,-0.08939999999999948,42.632270732708136,0.0,2.590535879135132,-0.1216745376586914,-0.15089277923107147
21.306039071001578,21.6,20.5,0.003578662872314453,60.490100360000014,0.0,5.06898,-0.08939999999999948,42.89295103933588,0.0,2.576662063598633,-0.13873815536499023,-0.15742623805999756
21.40673790400615,21.7,20.5,0.008131742477416992,60.99610436000001,0.0,5.06004,-0.08939999999999948,43.15188279904754,0.0,2.565617322921753,-0.11044740676879883,-0.15106742084026337
21.515236135019222,21.8,20.700000762939453,0.008342504501342773,61.50121436000001,0.0,5.0511,-0.08939999999999948,43.410194518587666,0.0,2.5553817749023438,-0.1023554801940918,-0.15235759317874908
21.61488780702348,21.9,20.700000762939453,0.009082317352294922,62.005019120000014,0.0,5.0380476,-0.13052400000000297,43.666886897976056,0.0,2.5392401218414307,-0.16141653060913086,-0.1546897292137146
21.715281612996478,22.0,20.899999618530273,0.00783681869506836,62.501487120000014,0.0,4.96468,-0.733675999999992,43.92422737354468,0.0,2.5287792682647705,-0.10460853576660156,-0.15577757358551025
21.81413970599533,22.1,21.0,0.006826162338256836,62.990207120000015,0.0,4.8872,-0.7748000000000044,44.18068791210135,0.0,2.5200912952423096,-0.08687973022460938,-0.1533365249633789
21.913146555016283,22.2,21.0,0.008160114288330078,63.471179120000016,0.0,4.80972,-0.7747999999999955,44.436805765985376,0.0,2.5135116577148438,-0.0657963752746582,-0.15499868988990784
22.11523669300368,22.3,21.0,0.007282733917236328,63.94440312000002,0.0,4.73224,-0.7748000000000044,44.690889991541944,0.0,2.4937331676483154,-0.1977849006652832,-0.15499868988990784
22.125780625996413,22.4,21.200000762939453,0.008417606353759766,64.40987912000001,0.0,4.65476,-0.7748000000000044,44.690889991541944,0.0,2.4937331676483154,0.0,-0.15672948956489563
22.21403630200075,22.5,21.399999618530273,0.00859379768371582,64.86737468000001,0.0,4.5749556,-0.7980439999999955,45.19614179964213,0.0,2.4747002124786377,-0.19032955169677734,-0.15485654771327972
22.31464698901982,22.6,21.399999618530273,0.007836341857910156,65.31348068000001,0.0,4.46106,-1.138956000000002,45.44717866038107,0.0,2.4644722938537598,-0.1022791862487793,-0.15245069563388824
22.41549630300142,22.7,21.600000381469727,0.009444713592529297,65.74796468000001,0.0,4.34484,-1.1622000000000021,45.696636325571035,0.0,2.450552225112915,-0.13920068740844727,-0.15341180562973022
22.51652604099945,22.8,21.600000381469727,0.007898569107055664,66.17082668,0.0,4.22862,-1.1621999999999932,45.94501521065443,0.0,2.4381983280181885,-0.12353897094726562,-0.148039311170578
22.61441229301272,22.9,21.700000762939453,0.00897526741027832,66.58206668000001,0.0,4.1124,-1.1622000000000021,45.94501521065443,0.0,2.4381983280181885,0.0,-0.15693525969982147
22.715754709002795,23.0,21.899999618530273,0.007707118988037109,66.98168468000001,0.0,3.99618,-1.1622000000000021,46.43698592929722,0.0,2.4137377738952637,-0.24460554122924805,-0.15157116949558258
22.815260624018265,23.1,22.0,0.008350133895874023,67.36959128000001,0.0,3.879066,-1.1711399999999994,46.68107418049627,0.0,2.4002091884613037,-0.1352858543395996,-0.15071982145309448
22.91386687400518,23.2,22.0,0.0075931549072265625,67.74447528,0.0,3.74884,-1.3022599999999995,46.92439299744189,0.0,2.3888347148895264,-0.11374473571777344,-0.1503933221101761
23.01493204300641,23.3,22.299999237060547,0.008482217788696289,68.10624728,0.0,3.61772,-1.3112000000000013,47.166430954869824,0.0,2.3832802772521973,-0.055544376373291016,-0.14716759324073792
23.21435717699933,23.4,22.299999237060547,0.007748842239379883,68.45490728,0.0,3.4866,-1.3111999999999968,47.649093559194945,0.0,2.3673596382141113,-0.15920639038085938,-0.14716759324073792
23.22682726601488,23.5,22.299999237060547,0.008574724197387695,68.79045528,0.0,3.35548,-1.3112000000000013,47.649093559194945,0.0,2.3673596382141113,0.0,-0.14823199808597565
23.315336553001544,23.6,22.299999237060547,0.008626461029052734,69.11289128,0.0,3.22436,-1.3112000000000013,47.888658114127075,0.0,2.3550493717193604,-0.12310266494750977,-0.14685918390750885
23.415423518017633,23.7,22.399999618530273,0.007802724838256836,69.42207224,0.0,3.0918096,-1.3255039999999996,48.12689469258035,0.0,2.3468592166900635,-0.08190155029296875,-0.14446119964122772
23.51572289899923,23.8,22.600000381469727,0.007992982864379883,69.71590024000001,0.0,2.93828,-1.5352960000000015,48.364344608154006,0.0,2.335689067840576,-0.11170148849487305,-0.14111147820949554
23.61480977400788,23.9,22.799999237060547,0.009013652801513672,69.99423224000002,0.0,2.78332,-1.5495999999999999,48.599985383130424,0.0,2.3208394050598145,-0.1484966278076172,-0.13896410167217255
23.716563632013276,24.0,22.799999237060547,0.008223533630371094,70.25706824000001,0.0,2.62836,-1.5495999999999999,48.83367334250668,0.0,2.3088409900665283,-0.11998414993286133,-0.13927936553955078
23.81503470800817,24.1,22.799999237060547,0.00864267349243164,70.50440824,0.0,2.4734,-1.5495999999999999,49.065625708165115,0.0,2.3001341819763184,-0.08706808090209961,-0.13512349128723145
23.916578698001103,24.2,23.100000381469727,0.0032854080200195312,70.73625224,0.0,2.31844,-1.5495999999999999,49.296544300726666,0.0,2.286090135574341,-0.1404404640197754,-0.130854070186615
24.0066942780104,24.3,23.200000762939453,0.009172201156616211,70.95270752,0.0,2.1645528,-1.5388719999999978,49.525841252813464,0.0,2.2712392807006836,-0.14850854873657227,-0.1314288079738617
24.216792421007995,24.4,23.200000762939453,0.00877690315246582,71.15534752,0.0,2.0264,-1.3815279999999985,52.86848756226969,0.0,2.2427303791046143,-0.28508901596069336,-0.1314288079738617
24.22872102900874,24.5,23.200000762939453,0.009526252746582031,71.34427952,0.0,1.88932,-1.370800000000001,52.86848756226969,0.0,2.2427303791046143,0.0,-0.12492436170578003
24.315239396004472,24.6,23.299999237060547,0.008527994155883789,71.51950352,0.0,1.75224,-1.370800000000001,53.09000605107125,0.0,2.2305257320404053,-0.12204647064208984,-0.126042902469635
24.41498927900102,24.7,23.299999237060547,0.007832765579223633,71.68101952,0.0,1.61516,-1.370800000000001,53.30986963171968,0.0,2.2150967121124268,-0.15429019927978516,-0.12355856597423553
24.51515178300906,24.8,23.700000762939453,0.00976109504699707,71.82882752,0.0,1.47808,-1.3707999999999987,53.528758014101186,0.0,2.204590082168579,-0.10506629943847656,-0.12151029706001282
24.61613005300751,24.9,23.799999237060547,0.008037328720092773,71.96344604000001,0.0,1.3461852,-1.3189479999999998,53.74658818626717,0.0,2.193798780441284,-0.10791301727294922,-0.11303548514842987
24.714414123009192,25.0,23.899999618530273,0.008691072463989258,72.09248004000001,0.0,1.29034,-0.5584520000000004,53.968092805181065,0.0,2.1933517456054688,-0.004470348358154297,-0.11107385903596878
24.81548645699513,25.1,24.0,0.0077550411224365234,72.21644804000002,0.0,1.23968,-0.5066000000000015,54.18931833072657,0.0,2.1811513900756836,-0.12200355529785156,-0.10967721790075302
24.914549074019305,25.2,24.0,0.00904083251953125,72.33535004000002,0.0,1.18902,-0.5065999999999993,54.409258884982,0.0,2.1676669120788574,-0.13484477996826172,-0.11269524693489075
25.013963630015496,25.3,24.200000762939453,0.008143424987792969,72.44918604000003,0.0,1.13836,-0.5065999999999993,54.628407038038794,0.0,2.166782855987549,-0.008840560913085938,-0.10320291668176651
25.114086476009106,25.4,24.299999237060547,0.008228302001953125,72.55795604000004,0.0,1.0877,-0.5066000000000015,54.84761103660633,0.0,2.1593940258026123,-0.07388830184936523,-0.0985184982419014
25.314410350023536,25.5,24.299999237060547,0.006527900695800781,72.66135608000003,0.0,1.0340004,-0.5369959999999985,55.282985163546705,0.0,2.1425223350524902,-0.1687169075012207,-0.0985184982419014
25.324500011018245,25.6,24.5,0.008477449417114258,72.75492808000003,0.0,0.935719999999998,-0.9828040000000204,55.282985163546705,0.0,2.1425223350524902,0.0,-0.11440294235944748
25.414066052006092,25.7,24.5,0.0033109188079833984,72.83836808000002,0.0,0.834399999999998,-1.0131999999999997,55.49899202492175,0.0,2.130589723587036,-0.11932611465454102,-0.11464296281337738
25.50685105100274,25.8,24.5,0.005234241485595703,72.91167608000002,0.0,0.733079999999999,-1.0131999999999908,55.71405842984171,0.0,2.119821310043335,-0.10768413543701172,-0.11569492518901825
25.610793957021087,25.9,24.700000762939453,0.0034418106079101562,72.97485208000002,0.0,0.63176,-1.0131999999999897,55.71405842984171,0.0,2.119821310043335,0.0,-0.10728085786104202
25.706708387006074,26.0,24.799999237060547,0.008264780044555664,73.02789608000002,0.0,0.530439999999999,-1.0132000000000096,56.138888892635734,0.0,2.1096742153167725,-0.101470947265625,-0.104555644094944
25.813812025997322,26.1,24.899999618530273,0.0078887939453125,73.07120144000002,0.0,0.433053599999999,-0.9738640000000004,56.34759731421362,0.0,2.0961029529571533,-0.1357126235961914,-0.10359479486942291
25.915342827996938,26.2,25.100000381469727,0.00803232192993164,73.11053744000003,0.0,0.39336,-0.39693599999998996,56.555404327278744,0.0,2.0895678997039795,-0.06535053253173828,-0.09927297383546829
26.01458301101229,26.3,25.100000381469727,0.009067058563232422,73.14629744000003,0.0,0.3576,-0.35760000000000014,56.76253147187495,0.0,2.085170269012451,-0.0439763069152832,-0.09407225996255875
26.116047532006633,26.4,25.299999237060547,0.008041143417358398,73.17848144000003,0.0,0.32184,-0.3575999999999996,56.76253147187495,0.0,2.085170269012451,0.0,-0.09219545871019363
26.214892931020586,26.5,25.299999237060547,0.008725643157958984,73.20708944000003,0.0,0.286079999999999,-0.35760000000001013,57.174452301901674,0.0,2.067911386489868,-0.17258882522583008,-0.09300356358289719
26.4116294880223,26.6,25.299999237060547,0.006099700927734375,73.23212144000003,0.0,0.250319999999999,-0.35760000000000014,57.58387602760613,0.0,2.0591320991516113,-0.08779287338256836,-0.09300356358289719
26.41864663801971,26.7,25.299999237060547,0.008776187896728516,73.25391716000003,0.0,0.2179572,-0.32362799999999,57.58387602760613,0.0,2.0591320991516113,0.0,-0.08508222550153732
26.515800932014827,26.8,25.600000381469727,0.008690357208251953,73.27745916000003,0.0,0.23542,0.174628,57.78681627153107,0.0,2.0283355712890625,-0.3079652786254883,-0.07425966113805771
26.613548524997896,26.9,25.700000762939453,0.008826971054077148,73.30308716000003,0.0,0.25628,0.20860000000000017,57.98911490201587,0.0,2.0326895713806152,0.043540000915527344,-0.083487369120121
26.71524366902304,27.0,25.899999618530273,0.007719516754150391,73.33080116000004,0.0,0.27714,0.2085999999999999,58.19304187195078,0.0,2.0303444862365723,-0.023450851440429688,-0.07584530115127563
26.813828465004917,27.1,25.899999618530273,0.008148908615112305,73.36060116000003,0.0,0.298,0.2085999999999999,58.39702276000659,0.0,2.0257108211517334,-0.04633665084838867,-0.07268980145454407
26.91420760800247,27.2,25.899999618530273,0.010985136032104492,73.39248716000003,0.0,0.31886,0.2085999999999999,58.600728226493665,0.0,2.0176424980163574,-0.08068323135375977,-0.07530492544174194
27.017403339006705,27.3,26.100000381469727,0.007920503616333008,73.42719224000002,0.0,0.3470508,0.28190800000000016,58.80368881779998,0.0,2.013472557067871,-0.04169940948486328,-0.0724385604262352
27.11416845401982,27.4,26.200000762939453,0.008527040481567383,73.47546824000003,0.0,0.482760000000001,1.3570920000000102,59.006016456721774,0.0,2.0034029483795166,-0.10069608688354492,-0.06235356628894806
27.21526294000796,27.5,26.299999237060547,0.004366874694824219,73.53804824000002,0.0,0.625800000000001,1.4304,59.2073103315625,0.0,1.9942623376846313,-0.09140610694885254,-0.06688449531793594
27.307735472015338,27.6,26.600000381469727,0.009227514266967773,73.61493224000003,0.0,0.768840000000001,1.4303999999999994,59.40814065694746,0.0,1.9948980808258057,0.006357431411743164,-0.057452648878097534
27.51603101400542,27.7,26.600000381469727,0.004773855209350586,73.70612024000003,0.0,0.911880000000001,1.4304000000000006,59.80864955810115,0.0,1.9771233797073364,-0.17774701118469238,-0.057452648878097534
27.523039485997288,27.8,26.700000762939453,0.005698442459106445,73.81161224000003,0.0,1.05492,1.4303999999999906,59.80864955810115,0.0,1.9771233797073364,0.0,-0.05395934358239174
27.61013771701255,27.9,26.700000762939453,0.009530782699584961,73.93146188000003,0.0,1.1984964,1.4357639999999994,60.00722248302717,0.0,1.9690585136413574,-0.08064866065979004,-0.058414287865161896
27.713547648017993,28.0,26.799999237060547,0.003204345703125,74.06645588000003,0.0,1.34994,1.514435999999999,60.20279420579644,0.0,1.9659262895584106,-0.03132224082946777,-0.05341647192835808
27.80600267101545,28.1,26.899999618530273,0.01172780990600586,74.21664788000004,0.0,1.50192,1.5198,60.39762881173901,0.0,1.9646999835968018,-0.012263059616088867,-0.05142698436975479
27.918650269013597,28.2,27.0,0.008683919906616211,74.38203788000004,0.0,1.6539,1.5198,60.59252050745666,0.0,1.9592328071594238,-0.0546717643737793,-0.04820360988378525
28.014825390011538,28.3,27.200000762939453,0.008360147476196289,74.56262588000004,0.0,1.80588,1.5198,60.786433223319726,0.0,1.9488040208816528,-0.10428786277770996,-0.04962284490466118
28.112993598013418,28.4,27.299999237060547,0.008890628814697266,74.75841188000004,0.0,1.95786,1.5198,60.97976153750442,0.0,1.944919228553772,-0.038847923278808594,-0.04385280981659889
28.214379503013333,28.5,27.399999618530273,0.008622169494628906,74.96937800000003,0.0,2.1096612,1.518012000000002,61.17299863003569,0.0,1.9478002786636353,0.028810501098632812,-0.04640849679708481
28.314643857011106,28.6,27.5,0.008264541625976562,75.19526200000003,0.0,2.25884,1.4917880000000006,61.36606594147945,0.0,1.9425275325775146,-0.052727460861206055,-0.04564494639635086
28.412266030994942,28.7,27.700000762939453,0.00863790512084961,75.43604600000003,0.0,2.40784,1.4900000000000002,61.558698150765615,0.0,1.9374393224716187,-0.05088210105895996,-0.047219134867191315
28.615291032008827,28.8,27.700000762939453,0.006533145904541016,75.69173000000004,0.0,2.55684,1.4899999999999958,61.942987444263025,0.0,1.9351136684417725,-0.023256540298461914,-0.047219134867191315
28.62584187599714,28.9,27.799999237060547,0.013689756393432617,75.96231400000003,0.0,2.70584,1.4900000000000002,61.942987444263025,0.0,1.9351136684417725,0.0,-0.04449477419257164
28.71905487801996,29.0,27.899999618530273,0.010384559631347656,76.24779800000003,0.0,2.85484,1.4900000000000002,62.137217044973795,0.0,1.9370070695877075,0.018934011459350586,-0.0457034669816494
28.81677315500565,29.1,27.899999618530273,0.008641958236694336,76.54816412000004,0.0,3.0036612,1.4882119999999999,62.33182948874035,0.0,1.9346823692321777,-0.02324700355529785,-0.044628120958805084
28.914646365010412,29.2,28.100000381469727,0.004563331604003906,76.86315012000004,0.0,3.14986,1.4619880000000007,62.52672533200576,0.0,1.9380559921264648,0.033736228942871094,-0.044944290071725845
29.00655386899598,29.3,28.100000381469727,0.008075237274169922,77.19273812000004,0.0,3.29588,1.4602000000000004,62.72103578550055,0.0,1.932809591293335,-0.05246400833129883,-0.043200500309467316
29.115323142003035,29.4,28.200000762939453,0.008585214614868164,77.53692812000004,0.0,3.4419,1.4602000000000004,62.72103578550055,0.0,1.932809591293335,0.0,-0.039257608354091644
29.215049170015845,29.5,28.299999237060547,0.007756471633911133,77.89572012000004,0.0,3.58792,1.4602000000000004,63.10924188891923,0.0,1.9297086000442505,-0.031009912490844727,-0.043638963252305984
29.314778205996845,29.6,28.5,0.008599042892456055,78.26911412000004,0.0,3.73394,1.4602000000000004,63.30293060060712,0.0,1.928932785987854,-0.007758140563964844,-0.0402371920645237
29.41316373401787,29.7,28.5,0.007726430892944336,78.65698496000005,0.0,3.8787084,1.447683999999998,63.49604776801471,0.0,1.9203211069107056,-0.08611679077148438,-0.04150719195604324
29.51170097501017,29.8,28.799999237060547,0.005022764205932617,79.05749696000005,0.0,4.00512,1.2641159999999996,63.68888141393675,0.0,1.9177159070968628,-0.026051998138427734,-0.0445854552090168
29.707429202011554,29.9,28.799999237060547,0.003251791000366211,79.47052496000005,0.0,4.13028,1.2516000000000016,64.07200181868674,0.0,1.9111366271972656,-0.06579279899597168,-0.0445854552090168
29.711501309007872,30.0,28.899999618530273,0.008651971817016602,79.89606896000005,0.0,4.25544,1.2516000000000016,64.07200181868674,0.0,1.9111366271972656,0.0,-0.043353546410799026
29.815285668009892,30.1,29.0,0.007756233215332031,80.33412896000004,0.0,4.3806,1.2516000000000016,64.26115673612773,0.0,1.904105544090271,-0.07031083106994629,-0.038325026631355286
29.91424058499979,30.2,29.100000381469727,0.007970809936523438,80.78470496000004,0.0,4.50576,1.2516000000000016,64.44962958933924,0.0,1.895762324333191,-0.08343219757080078,-0.04402307793498039
30.01204250199953,30.3,29.100000381469727,0.007871150970458984,81.24736784000004,0.0,4.6266288,1.2086879999999933,64.637558259887,0.0,1.893880009651184,-0.01882314682006836,-0.0441267155110836
30.114905252004974,30.4,29.200000762939453,0.008482933044433594,81.71582384000004,0.0,4.68456,0.5793120000000052,64.82528442031594,0.0,1.8897781372070312,-0.04101872444152832,-0.04129057005047798
30.215129890013486,30.5,29.399999618530273,0.008584260940551758,82.18964384000004,0.0,4.7382,0.5363999999999969,65.01249829760289,0.0,1.8838573694229126,-0.05920767784118652,-0.0417441725730896
30.315170132002095,30.6,29.5,0.006650209426879883,82.66882784000005,0.0,4.79184,0.5363999999999969,65.19939585118095,0.0,1.8848897218704224,0.010323524475097656,-0.05189339071512222
30.4118852840038,30.7,29.600000381469727,0.009006023406982422,83.15337584000005,0.0,4.84548,0.5364000000000058,65.38582883061498,0.0,1.8797025680541992,-0.051871538162231445,-0.04395347088575363
30.51590560202021,30.8,29.700000762939453,0.008212804794311523,83.64328784000006,0.0,4.89912,0.5363999999999969,65.57215257096014,0.0,1.878747820854187,-0.00954747200012207,-0.04756264388561249
30.614361201995052,30.9,29.899999618530273,0.006895780563354492,84.13829564000005,0.0,4.950078,0.509580000000005,65.75921089080867,0.0,1.8868465423583984,0.08098721504211426,-0.04958002269268036
30.813635435013566,31.0,29.899999618530273,0.007850885391235352,84.63446564000006,0.0,4.9617,0.11622000000000021,66.12894582927503,0.0,1.8753325939178467,-0.11513948440551758,-0.04958002269268036
30.825492814008612,31.1,29.899999618530273,0.009051799774169922,85.13152964000005,0.0,4.97064,0.08939999999999948,66.12894582927503,0.0,1.8753325939178467,0.0,-0.04980786517262459
30.915695978008443,31.2,30.0,0.008455991744995117,85.62948764000005,0.0,4.97958,0.08939999999999948,66.31268919717726,0.0,1.8693772554397583,-0.05955338478088379,-0.0468035452067852
31.01455650400021,31.3,30.0,0.006869077682495117,86.12833964000005,0.0,4.98852,0.08939999999999948,66.49674494861803,0.0,1.8723856210708618,0.030083656311035156,-0.04672599211335182
31.11353743300424,31.4,30.200000762939453,0.007887840270996094,86.62808564000005,0.0,4.99746,0.08939999999999948,66.49674494861803,0.0,1.8723856210708618,0.0,-0.04938645288348198
31.214157787995646,31.5,30.299999237060547,0.00781393051147461,87.12851108000005,0.0,5.0042544,0.06794399999999534,66.86194049364799,0.0,1.8561370372772217,-0.16248583793640137,-0.04865553230047226
31.314349788997788,31.6,30.399999618530273,0.008417844772338867,87.62646908000005,0.0,4.97958,-0.2467439999999943,67.04426963315402,0.0,1.8550629615783691,-0.01074075698852539,-0.049440350383520126
31.41449581302004,31.7,30.600000381469727,0.007899761199951172,88.12174508000005,0.0,4.95276,-0.2682000000000073,67.2262546359838,0.0,1.847313404083252,-0.07749557495117188,-0.04680393263697624
31.514207889995305,31.8,30.700000762939453,0.008718729019165039,88.61433908000005,0.0,4.92594,-0.26819999999999844,67.40786757938199,0.0,1.8506959676742554,0.03382563591003418,-0.04978485777974129
31.615089193015592,31.9,30.700000762939453,0.007816791534423828,89.10425108000005,0.0,4.89912,-0.26819999999999844,67.58910979300359,0.0,1.8378537893295288,-0.12842178344726562,-0.045535147190093994
31.715166945010424,32.0,31.0,0.008806228637695312,89.59148108000005,0.0,4.8723,-0.26819999999999844,67.76913801939517,0.0,1.8310675621032715,-0.06786227226257324,-0.045154474675655365
31.914927550009452,32.1,31.0,0.006375789642333984,90.07570724000006,0.0,4.8422616,-0.30038400000000465,68.12883980805002,0.0,1.8271610736846924,-0.039064884185791016,-0.045154474675655365
31.92584950401215,32.2,31.0,0.0076885223388671875,90.55220924000005,0.0,4.76502,-0.772415999999998,68.12883980805002,0.0,1.8271610736846924,0.0,-0.05008848011493683
32.014367704017786,32.3,31.200000762939453,0.008557319641113281,91.02066524000006,0.0,4.68456,-0.8045999999999953,68.30865469190393,0.0,1.8241050243377686,-0.03056049346923828,-0.045596782118082047
32.11511028499808,32.4,31.200000762939453,0.00881505012512207,91.48107524000005,0.0,4.6041,-0.8046000000000042,68.48772981181975,0.0,1.8156157732009888,-0.08489251136779785,-0.04405997693538666
32.21520584000973,32.5,31.399999618530273,0.007918596267700195,91.93343924000006,0.0,4.52364,-0.8045999999999953,68.66649557346722,0.0,1.8143694400787354,-0.01246333122253418,-0.0458650067448616
32.314154880004935,32.6,31.399999618530273,0.007140159606933594,92.37775724000005,0.0,4.44318,-0.8046000000000042,68.84512527115072,0.0,1.8160663843154907,0.01696944236755371,-0.0433596670627594
32.410573769011535,32.7,31.5,0.008221626281738281,92.81376104000005,0.0,4.360038,-0.831419999999996,69.02381967057934,0.0,1.8128602504730225,-0.03206133842468262,-0.043444983661174774
32.512024381023366,32.8,31.600000381469727,0.008524417877197266,93.23751704000004,0.0,4.23756,-1.2247800000000009,69.20211158709363,0.0,1.808640718460083,-0.04219532012939453,-0.04337209463119507
32.61445736201131,32.9,31.700000762939453,0.0056438446044921875,93.64875704000005,0.0,4.1124,-1.2516000000000016,69.38083072542477,0.0,1.8146214485168457,0.05980730056762695,-0.04779219999909401
32.7103582980053,33.0,31.799999237060547,0.0032126903533935547,94.04748104000005,0.0,3.98724,-1.2516000000000016,69.561527670701,0.0,1.8168219327926636,0.02200484275817871,-0.04087845981121063
32.806517193996115,33.1,32.099998474121094,0.008719921112060547,94.43368904000005,0.0,3.86208,-1.2515999999999972,69.74298409296584,0.0,1.8162602186203003,-0.0056171417236328125,-0.041980721056461334
33.01513043101295,33.2,32.099998474121094,0.007147312164306641,94.80738104000005,0.0,3.73692,-1.2516000000000016,70.10516273615092,0.0,1.8161882162094116,-0.0007200241088867188,-0.041980721056461334
33.025604338996345,33.3,32.099998474121094,0.008417844772338867,95.16841400000006,0.0,3.6103296,-1.265904,70.10516273615092,0.0,1.8161882162094116,0.0,-0.03874674439430237
33.11447507000412,33.4,32.29999923706055,0.004485607147216797,95.51469000000006,0.0,3.46276,-1.475696000000002,70.28681700864269,0.0,1.8217723369598389,0.05584120750427246,-0.037627700716257095
33.20825151601457,33.5,32.29999923706055,0.01009368896484375,95.84606600000006,0.0,3.31376,-1.4900000000000002,70.46778395927822,0.0,1.8100310564041138,-0.11741280555725098,-0.032402992248535156
33.315865134005435,33.6,32.5,0.009676933288574219,96.16254200000006,0.0,3.16476,-1.4900000000000002,70.64890355187009,0.0,1.8196929693222046,0.0966191291809082,-0.03255753219127655
33.41673069400713,33.7,32.5,0.0035812854766845703,96.46411800000006,0.0,3.01576,-1.4899999999999958,70.8301271625201,0.0,1.8140168190002441,-0.05676150321960449,-0.028698591515421867
33.50603057502303,33.8,32.70000076293945,0.0059015750885009766,96.75079400000006,0.0,2.86676,-1.4900000000000002,71.00998127729638,0.0,1.8012763261795044,-0.12740492820739746,-0.028556345030665398
33.61127090200898,33.9,32.79999923706055,0.008809328079223633,97.02240908000006,0.0,2.71615079999999,-1.506092000000101,71.18987564768328,0.0,1.8068742752075195,0.05597949028015137,-0.02203645557165146
33.7134132909996,34.0,32.900001525878906,0.006333589553833008,97.27660308000006,0.0,2.54193999999999,-1.742108,71.3747782429864,0.0,1.801214575767517,-0.056596994400024414,-0.02514726109802723
33.808929111022735,34.1,33.0,0.007965326309204102,97.51321508000005,0.0,2.36611999999999,-1.758200000000003,71.56003253814107,0.0,1.8003941774368286,-0.008203983306884766,-0.018328245729207993
34.01518549901084,34.2,33.0,0.006802082061767578,97.73224508000006,0.0,2.1903,-1.7581999999998965,71.93022820817045,0.0,1.7925817966461182,-0.07812380790710449,-0.018328245729207993
34.02644033401157,34.3,33.0,0.008116722106933594,97.93369308000005,0.0,2.01448,-1.758200000000003,71.93022820817045,0.0,1.7925817966461182,0.0,-0.021736467257142067
34.11384732101578,34.4,33.29999923706055,0.008016586303710938,98.11755908000005,0.0,1.83866,-1.7581999999999987,71.93022820817045,0.0,1.7944538593292236,0.018720626831054688,-0.014339293353259563
34.215257550007664,34.5,33.29999923706055,0.007983207702636719,98.28412916000005,0.0,1.6657008,-1.7295919999999998,72.29904253741762,0.0,1.7914100885391235,-0.030437707901000977,-0.01752237044274807
34.31504175000009,34.6,33.29999923706055,0.00768733024597168,98.43759916000005,0.0,1.5347,-1.3100080000000003,72.48387917451264,0.0,1.7966302633285522,0.05220174789428711,-0.011156335473060608
34.41297090300941,34.7,33.400001525878906,0.008027315139770508,98.57825516000005,0.0,1.40656,-1.2813999999999992,72.66820511429276,0.0,1.790244460105896,-0.0638580322265625,-0.017873387783765793
34.5148795650166,34.8,33.599998474121094,0.008267879486083984,98.70609716000006,0.0,1.27842,-1.2814000000000014,72.85270071317372,0.0,1.7936770915985107,0.03432631492614746,-0.012563886120915413
34.61501833802322,34.9,33.70000076293945,0.008198738098144531,98.82112516000005,0.0,1.15028,-1.2813999999999992,72.85270071317372,0.0,1.7936770915985107,0.0,-0.001608460326679051
34.71505070402054,35.0,33.900001525878906,0.003355741500854492,98.92333916000005,0.0,1.02214,-1.2813999999999992,73.21848353876814,0.0,1.7912875413894653,-0.0238955020904541,-0.0005580925499089062
34.80673522199504,35.1,34.0,0.00818634033203125,99.01313252000006,0.0,0.897933599999999,-1.2420640000000105,73.3992818305938,0.0,1.790115237236023,-0.011723041534423828,0.004697020631283522
34.91465558699565,35.2,34.0,0.008426427841186523,99.09627452000005,0.0,0.831419999999999,-0.6651359999999995,73.58021762582646,0.0,1.7957736253738403,0.05658388137817383,0.004859075881540775
35.11560209901654,35.3,34.0,0.006496906280517578,99.17315852000006,0.0,0.76884,-0.6257999999999908,73.94224108973188,0.0,1.7908329963684082,-0.04940629005432129,0.004859075881540775
35.126068170997314,35.4,34.0,0.008191585540771484,99.24378452000006,0.0,0.706259999999999,-0.6258000000000097,73.94224108973188,0.0,1.7908329963684082,0.0,0.00033874731161631644
35.214400205004495,35.5,34.400001525878906,0.007895708084106445,99.30815252000006,0.0,0.643679999999999,-0.6257999999999997,74.12327771916983,0.0,1.7969673871994019,0.06134390830993652,0.015615271404385567
35.31485265100491,35.6,34.5,0.009540796279907227,99.36626252000006,0.0,0.581099999999998,-0.6258000000000108,74.30359989690974,0.0,1.7852071523666382,-0.11760234832763672,0.014013082720339298
35.416779548017075,35.7,34.599998474121094,0.008295536041259766,99.41840060000007,0.0,0.521380799999999,-0.5971919999999897,74.48363957785236,0.0,1.788340449333191,0.031332969665527344,0.01745198480784893
35.514933793019736,35.8,34.599998474121094,0.007535696029663086,99.46876260000008,0.0,0.50362,-0.17760799999999022,74.66379046186968,0.0,1.7834182977676392,-0.04922151565551758,0.019701693207025528
35.6143243710103,35.9,34.70000076293945,0.007598161697387695,99.51763460000008,0.0,0.48872,-0.1489999999999997,74.66379046186968,0.0,1.7834182977676392,0.0,0.019847486168146133
35.7138993779954,36.0,34.900001525878906,0.007941246032714844,99.56501660000008,0.0,0.47382,-0.1489999999999997,75.0247557887516,0.0,1.7873634099960327,0.03945112228393555,0.02499600686132908
35.81420692100073,36.1,35.0,0.00789499282836914,99.61090860000007,0.0,0.45892,-0.14900000000000024,75.20518016694784,0.0,1.778886079788208,-0.08477330207824707,0.021702174097299576
35.91444150701864,36.2,35.0,0.007781028747558594,99.65531060000008,0.0,0.44402,-0.1489999999999997,75.38580527425708,0.0,1.7837759256362915,0.04889845848083496,0.026098912581801414
36.014549384010024,36.3,35.099998474121094,0.0075836181640625,99.69938480000008,0.0,0.440742000000002,-0.03277999999998005,77.54904584875716,0.0,1.7853128910064697,0.015369653701782227,0.0169842429459095
36.21429701001034,36.4,35.099998474121094,0.008623838424682617,99.76017680000008,0.0,0.607920000000003,1.6717800000000098,77.90656071470166,0.0,1.794646978378296,0.09334087371826172,0.0169842429459095
36.22872481899685,36.5,35.29999923706055,0.0077745914459228516,99.83884880000008,0.0,0.786720000000004,1.7880000000000096,77.90656071470166,0.0,1.794646978378296,0.0,0.027755580842494965
36.31418247500551,36.6,35.29999923706055,0.00833439826965332,99.93540080000008,0.0,0.965520000000003,1.7879999999999907,78.08578051783886,0.0,1.7928876876831055,-0.017592906951904297,0.024911146610975266
36.41471869501402,36.7,35.5,0.008394002914428711,100.04983280000008,0.0,1.14432,1.7879999999999696,78.26561533803681,0.0,1.8068993091583252,0.14011621475219727,0.029025530442595482
36.514566124009434,36.8,35.70000076293945,0.008324861526489258,100.18214480000007,0.0,1.32312,1.7880000000000007,78.44582234293023,0.0,1.8079941272735596,0.01094818115234375,0.028385601937770844
36.614872949023265,36.9,35.70000076293945,0.003281831741333008,100.33217588000008,0.0,1.5003108,1.7719079999999998,78.62572948231369,0.0,1.8073115348815918,-0.006825923919677734,0.02929939515888691
36.7057527989964,37.0,35.900001525878906,0.00823354721069336,100.49756588000008,0.0,1.6539,1.5358919999999987,78.80706158178984,0.0,1.8207744359970093,0.1346290111541748,0.02994014322757721
36.81432259301073,37.1,35.900001525878906,0.008141040802001953,100.67815388000008,0.0,1.80588,1.5198,78.9882893496948,0.0,1.8191680908203125,-0.016063451766967773,0.029864635318517685
36.912713911005994,37.2,36.0,0.008342981338500977,100.87393988000008,0.0,1.95786,1.5198,79.17040946194545,0.0,1.8289779424667358,0.0980985164642334,0.03359459340572357
37.01436859302339,37.3,36.0,0.006960391998291016,101.08492388000008,0.0,2.10984,1.5198000000000023,79.3529338002281,0.0,1.8278145790100098,-0.011633634567260742,0.030763009563088417
37.1087112990208,37.4,36.20000076293945,0.007746696472167969,101.31110588000007,0.0,2.26182,1.5198,79.3529338002281,0.0,1.8278145790100098,0.0,0.031058184802532196
37.31352501001675,37.5,36.20000076293945,0.006620645523071289,101.55234284000007,0.0,2.4123696,1.5054959999999973,79.90113014102639,0.0,1.8386259078979492,0.10811328887939453,0.031058184802532196
37.322488578007324,37.6,36.5,0.008628368377685547,101.80653684000006,0.0,2.54194,1.2957039999999997,79.90113014102639,0.0,1.8386259078979492,0.0,0.01817285642027855
37.415588788018795,37.7,36.599998474121094,0.008034467697143555,102.07354484000007,0.0,2.67008,1.2814000000000014,80.08492490708285,0.0,1.8477426767349243,0.09116768836975098,0.01747163198888302
37.51094928200473,37.8,36.599998474121094,0.006619453430175781,102.35336684000006,0.0,2.79822,1.2814000000000014,80.2694655696868,0.0,1.8494281768798828,0.01685500144958496,0.017208831384778023
37.61198137002066,37.9,36.70000076293945,0.009037017822265625,102.64600284000007,0.0,2.92636,1.281399999999997,80.45378811670078,0.0,1.8504008054733276,0.009726285934448242,0.017109187319874763
37.71592792501906,38.0,36.79999923706055,0.009303092956542969,102.95145284000006,0.0,3.0545,1.2814000000000014,80.6374184130643,0.0,1.8477506637573242,-0.02650141716003418,0.01647726632654667
37.815353715006495,38.1,36.79999923706055,0.008511066436767578,103.26973472000006,0.0,3.1828188,1.2831880000000018,80.82147314314253,0.0,1.8562865257263184,0.0853586196899414,0.017141608521342278
37.91508264900767,38.2,37.099998474121094,0.00821828842163086,103.60111072000007,0.0,3.31376,1.3094119999999965,81.00633252548765,0.0,1.8632005453109741,0.06914019584655762,0.013803682290017605
38.01436040800763,38.3,37.20000076293945,0.00953531265258789,103.94559872000006,0.0,3.44488,1.3112000000000013,81.19089065268274,0.0,1.8568294048309326,-0.06371140480041504,0.015406075865030289
38.11536707999767,38.4,37.20000076293945,0.007422924041748047,104.30319872000007,0.0,3.576,1.3112000000000013,81.37542092193696,0.0,1.8607048988342285,0.038754940032958984,0.01653098315000534
38.214792267011944,38.5,37.29999923706055,0.00812387466430664,104.67391072000007,0.0,3.70712,1.3112000000000013,81.56056135174937,0.0,1.8652721643447876,0.04567265510559082,0.016917267814278603
38.414210009010276,38.6,37.29999923706055,0.007665157318115234,105.05773472000007,0.0,3.83824,1.3111999999999968,81.93132444543072,0.0,1.8669898509979248,0.01717686653137207,0.016917267814278603
38.42605401601759,38.7,37.599998474121094,0.009811639785766602,105.45459920000008,0.0,3.9686448,1.3040479999999999,81.93132444543072,0.0,1.8669898509979248,0.0,0.01577942445874214
38.51499264599988,38.8,37.70000076293945,0.008040189743041992,105.86345520000008,0.0,4.08856,1.1991520000000033,82.11670909724845,0.0,1.867720603942871,0.007307529449462891,0.007106367498636246
38.61437808201299,38.9,37.70000076293945,0.008188486099243164,106.28423120000008,0.0,4.20776,1.192000000000002,82.30209343060697,0.0,1.8691517114639282,0.014311075210571289,0.010440964251756668
38.71434443301405,39.0,37.79999923706055,0.008925676345825195,106.71692720000007,0.0,4.32696,1.191999999999993,82.48913577827894,0.0,1.8616634607315063,-0.07488250732421875,0.01314820908010006
38.81281557501643,39.1,37.900001525878906,0.008392810821533203,107.16154320000007,0.0,4.44616,1.192000000000002,82.67646617952023,0.0,1.8610453605651855,-0.006181001663208008,0.0076563358306884766
38.91508242499549,39.2,37.900001525878906,0.00838160514831543,107.61807920000007,0.0,4.56536,1.192000000000002,82.86389012090902,0.0,1.8664300441741943,0.05384683609008789,0.011162730865180492
39.0154761900194,39.3,38.099998474121094,0.008334159851074219,108.08649944000007,0.0,4.68420240000001,1.188424000000099,83.05101209785232,0.0,1.8642678260803223,-0.021622180938720703,0.010872537270188332
39.1155680710217,39.4,38.20000076293945,0.008835315704345703,108.56627944000007,0.0,4.7978,1.1359759999998964,83.23773959795729,0.0,1.8549368381500244,-0.09330987930297852,0.0055787088349461555
39.21517557199695,39.5,38.20000076293945,0.009899139404296875,109.05738344000008,0.0,4.91104,1.1324000000000023,83.4244382413176,0.0,1.8629356622695923,0.07998824119567871,0.00871412456035614
39.315176720003365,39.6,38.400001525878906,0.00811004638671875,109.55981144000008,0.0,5.02428,1.1324000000000023,83.61161560844573,0.0,1.860797643661499,-0.021380186080932617,0.004480102565139532
39.51507058501011,39.7,38.400001525878906,0.006654024124145508,110.07356344000007,0.0,5.13752,1.1324000000000023,83.98497727116403,0.0,1.855497121810913,-0.053005218505859375,0.004480102565139532
39.52530558602302,39.8,38.599998474121094,0.008174896240234375,110.59863944000007,0.0,5.25076,1.1323999999999934,83.98497727116403,0.0,1.855497121810913,0.0,-0.0016974888276308775
39.61451487400336,39.9,38.79999923706055,0.008510589599609375,111.13432424000007,0.0,5.356848,1.0608800000000063,84.17119031493323,0.0,1.8575022220611572,0.020051002502441406,-0.004461486358195543
39.71530901201186,40.0,38.79999923706055,0.01069021224975586,111.67012824000007,0.0,5.35804,0.011919999999996378,84.3577620559277,0.0,1.8664112091064453,0.08908987045288086,-0.004047033842653036
39.816456244996516,40.1,39.0,0.008749723434448242,112.20533624000007,0.0,5.35208,-0.05959999999999965,84.5443060258338,0.0,1.864763617515564,-0.016475915908813477,-0.0075020575895905495
39.91620062800939,40.2,39.0,0.00880885124206543,112.73994824000006,0.0,5.34612,-0.05959999999999965,84.73180746860757,0.0,1.8773448467254639,0.12581229209899902,-0.009661387652158737
40.014528400002746,40.3,39.0,0.011177301406860352,113.27396424000005,0.0,5.34016,-0.05959999999999965,84.91991355680545,0.0,1.8799561262130737,0.026112794876098633,-0.008451374247670174
40.11826605600072,40.4,39.20000076293945,0.008539676666259766,113.80738424000006,0.0,5.3342,-0.05959999999999965,85.10831600746225,0.0,1.8799561262130737,0.0,-0.012697112746536732
40.21531301701907,40.5,39.400001525878906,0.00882101058959961,114.33956456000006,0.0,5.3218032,-0.12396800000000319,85.29783685058351,0.0,1.8979787826538086,0.18022656440734863,-0.014071284793317318
40.31308824301232,40.6,39.5,0.008333683013916016,114.86106456000006,0.0,5.215,-1.0680319999999988,85.48789832521413,0.0,1.897367000579834,-0.006117820739746094,-0.01814085617661476
40.41527609000332,40.7,39.5,0.007903575897216797,115.37124056000006,0.0,5.10176,-1.1324000000000023,85.67824337327237,0.0,1.9044158458709717,0.07048845291137695,-0.0179146695882082
40.61522975700791,40.8,39.5,0.00781393051147461,115.87009256000006,0.0,4.98852,-1.1323999999999934,85.86912001294179,0.0,1.903923511505127,-0.004923343658447266,-0.0179146695882082
40.6271874869999,40.9,39.70000076293945,0.00857400894165039,116.35762056000006,0.0,4.87528,-1.1324000000000023,85.86912001294179,0.0,1.903923511505127,0.0,-0.018634673207998276
40.714365540014114,41.0,39.900001525878906,0.009220600128173828,116.83382456000005,0.0,4.76204,-1.1324000000000023,86.24919371321403,0.0,1.9074909687042236,0.0356745719909668,-0.01926492154598236
40.81430311501026,41.1,40.0,0.008304834365844727,117.29854364000005,0.0,4.6471908,-1.148492000000001,86.4383910886572,0.0,1.909160852432251,0.016698837280273438,-0.023760898038744926
40.915412842005026,41.2,40.099998474121094,0.006436347961425781,117.74941764000005,0.0,4.50874,-1.3845079999999932,86.62724827731513,0.0,1.9010854959487915,-0.08075356483459473,-0.023217698559165
41.009430639998754,41.3,40.099998474121094,0.009299039840698242,118.18628564000005,0.0,4.36868,-1.4006000000000007,86.81572807736504,0.0,1.900291085243225,-0.007944107055664062,-0.025108935311436653
41.11221550300252,41.4,40.20000076293945,0.009412288665771484,118.60914764000005,0.0,4.22862,-1.4006000000000007,86.81572807736504,0.0,1.900291085243225,0.0,-0.024891795590519905
41.212173461011844,41.5,40.29999923706055,0.01556396484375,119.01800364000005,0.0,4.08856,-1.4006000000000007,87.1947300104924,0.0,1.9136216640472412,0.13330578804016113,-0.028842037543654442
41.320581875013886,41.6,40.400001525878906,0.0089111328125,119.41285364000005,0.0,3.9485,-1.4006000000000007,87.38448681377449,0.0,1.9139313697814941,0.003097057342529297,-0.02660386636853218
41.41195691502071,41.7,40.5,0.009082794189453125,119.79362612000006,0.0,3.8077248,-1.4077520000000021,87.57382098915015,0.0,1.9006949663162231,-0.13236403465270996,-0.027752606198191643
41.515415791014675,41.8,40.599998474121094,0.008692026138305664,120.15927212000005,0.0,3.65646,-1.5126479999999987,87.76250434252007,0.0,1.900524377822876,-0.0017058849334716797,-0.026844754815101624
41.714932324015535,41.9,40.599998474121094,0.006606578826904297,120.50972012000005,0.0,3.50448,-1.5198,88.14246242039553,0.0,1.9006043672561646,0.0007998943328857422,-0.026844754815101624
41.7244875630131,42.0,40.70000076293945,0.007841348648071289,120.84497012000006,0.0,3.3525,-1.5198,88.14246242039553,0.0,1.9006043672561646,0.0,-0.026935378089547157
41.811564261995954,42.1,41.0,0.00857853889465332,121.16502212000006,0.0,3.20052,-1.5198,88.33309530489183,0.0,1.8971654176712036,-0.034389495849609375,-0.032233890146017075
41.9146951349976,42.2,41.0,0.01007533073425293,121.46987612000007,0.0,3.04854,-1.5198,88.52388161433757,0.0,1.8956645727157593,-0.01500844955444336,-0.03153884783387184
42.01748213599785,42.3,41.099998474121094,0.008636951446533203,121.75958576000006,0.0,2.89709639999999,-1.5144360000001011,88.71372275863935,0.0,1.886041283607483,-0.09623289108276367,-0.03205830603837967
42.11505516502075,42.4,41.29999923706055,0.008225440979003906,122.03493776000006,0.0,2.75351999999999,-1.4357639999999972,88.71372275863935,0.0,1.886041283607483,0.0,-0.03564717620611191
42.2151180790097,42.5,41.29999923706055,0.00833582878112793,122.29598576000006,0.0,2.61048,-1.4303999999999029,89.09227794781488,0.0,1.88140869140625,-0.0463259220123291,-0.03402324765920639
42.31263078399934,42.6,41.5,0.007748126983642578,122.54272976000007,0.0,2.46744,-1.4304000000000006,89.28081531298106,0.0,1.871066927909851,-0.10341763496398926,-0.0332450196146965
42.41472433099989,42.7,41.599998474121094,0.00953531265258789,122.77516976000007,0.0,2.3244,-1.4304000000000006,89.46891887883747,0.0,1.8677483797073364,-0.033185482025146484,-0.03828055039048195
42.51633532802225,42.8,41.70000076293945,0.00755620002746582,122.99330576000007,0.0,2.18136,-1.4303999999999961,89.65735778945194,0.0,1.8779772520065308,0.10228872299194336,-0.03686956688761711
42.61459557199851,42.9,41.900001525878906,0.00803065299987793,123.19713776000007,0.0,2.03832,-1.4304000000000006,89.84551947410935,0.0,1.8658729791641235,-0.12104272842407227,-0.0433795228600502
42.81491925101727,43.0,41.900001525878906,0.0063092708587646484,123.38666576000007,0.0,1.89528,-1.4304000000000006,90.22344003927124,0.0,1.8580726385116577,-0.0780034065246582,-0.0433795228600502
42.824835892010015,43.1,41.900001525878906,0.009017229080200195,123.56188976000007,0.0,1.75224,-1.4304000000000006,90.22344003927124,0.0,1.8580726385116577,0.0,-0.0417054146528244
42.9153715739958,43.2,42.0,0.007963180541992188,123.72280976000008,0.0,1.6092,-1.4304000000000006,90.41317628746054,0.0,1.865250587463379,0.07177948951721191,-0.041456323117017746
43.01457289600512,43.3,42.099998474121094,0.007883310317993164,123.86942576000007,0.0,1.46616,-1.4304000000000006,90.60322739769227,0.0,1.869943618774414,0.04693031311035156,-0.04712975025177002
43.114297007006826,43.4,42.29999923706055,0.0044460296630859375,124.00173776000007,0.0,1.32312,-1.4303999999999983,90.79285373765583,0.0,1.8600573539733887,-0.0988626480102539,-0.04347255825996399
43.207909125019796,43.5,42.29999923706055,0.004839897155761719,124.11988880000007,0.0,1.1815104,-1.416096,90.98175052743703,0.0,1.860080361366272,0.0002300739288330078,-0.0438179112970829
43.30769409800996,43.6,42.5,0.009433507919311523,124.22597680000007,0.0,1.06088,-1.2063040000000003,91.17093676404647,0.0,1.8577631711959839,-0.02317190170288086,-0.04948271065950394
43.417026114009786,43.7,42.599998474121094,0.004831552505493164,124.32014480000007,0.0,0.941679999999999,-1.1920000000000108,91.35970248977934,0.0,1.8611863851547241,0.034232139587402344,-0.04911436885595322
43.51113252801588,43.8,42.599998474121094,0.008960723876953125,124.40239280000007,0.0,0.822479999999999,-1.1919999999999997,91.54918527702814,0.0,1.8632646799087524,0.020782947540283203,-0.05001388490200043
43.61578091100091,43.9,42.599998474121094,0.008918046951293945,124.47272080000008,0.0,0.703279999999999,-1.1919999999999997,91.54918527702814,0.0,1.8632646799087524,0.0,-0.0479402169585228
43.71617872000206,44.0,43.0,0.00857853889465332,124.53112880000008,0.0,0.584080000000001,-1.1919999999999797,91.92724845400262,0.0,1.859867811203003,-0.03396868705749512,-0.0513775534927845
43.91442317899782,44.1,43.0,0.007823705673217773,124.57786712000008,0.0,0.467383200000001,-1.1669680000000004,92.30325507947074,0.0,1.8582656383514404,-0.016021728515625,-0.0513775534927845
43.92645587702282,44.2,43.099998474121094,0.008142948150634766,124.61660712000008,0.0,0.3874,-0.7998320000000098,92.30325507947074,0.0,1.8582656383514404,0.0,-0.057088300585746765
44.014177111996105,44.3,43.099998474121094,0.008491277694702148,124.64759912000008,0.0,0.30992,-0.7748000000000005,92.49092483877962,0.0,1.8532657623291016,-0.04999876022338867,-0.04878195375204086
44.11494950900669,44.4,43.20000076293945,0.009627103805541992,124.67084312000009,0.0,0.232440000000001,-0.7747999999999896,92.67805157451642,0.0,1.8444784879684448,-0.08787274360656738,-0.05704605206847191
44.21283572600805,44.5,43.29999923706055,0.009894132614135742,124.68633912000008,0.0,0.154960000000002,-0.7747999999999899,92.86522495728589,0.0,1.8553160429000854,0.10837554931640625,-0.05971184000372887
44.31301283501671,44.6,43.400001525878906,0.009347915649414062,124.69408712000009,0.0,0.077480000000002,-0.7748,93.05277963702613,0.0,1.852084994316101,-0.03231048583984375,-0.05319741368293762
44.41635335300816,44.7,43.5,0.009357213973999023,124.69455200000009,0.0,0.00464880000000126,-0.7283120000000074,93.2400768895615,0.0,1.8469232320785522,-0.05161762237548828,-0.06098753958940506
44.5156072069949,44.8,43.70000076293945,0.008487224578857422,124.69455200000009,0.0,0.0,-0.046488000000012596,93.42726939435741,0.0,1.8487887382507324,0.018655061721801758,-0.05971979722380638
44.615291515016,44.9,43.70000076293945,0.009354829788208008,124.69455200000009,0.0,0.0,0.0,93.6139574851384,0.0,1.8442771434783936,-0.04511594772338867,-0.060161180794239044
44.71678011599579,45.0,43.70000076293945,0.008323192596435547,124.69455200000009,0.0,0.0,0.0,93.79767087763572,0.0,1.8473525047302246,0.030753612518310547,-0.05727212131023407
44.81240097800037,45.1,43.900001525878906,0.008287906646728516,124.69455200000009,0.0,0.0,0.0,93.98021749720466,0.0,1.838815689086914,-0.08536815643310547,-0.054527398198843
45.01239253100357,45.2,43.900001525878906,0.006623983383178711,124.69455200000009,0.0,0.0,0.0,94.3452912813815,0.0,1.8379210233688354,-0.008946657180786133,-0.054527398198843
45.02007793300436,45.3,44.099998474121094,0.008258819580078125,124.69455200000009,0.0,0.0,0.0,94.3452912813815,0.0,1.8379210233688354,0.0,-0.059312380850315094
45.11506957100937,45.4,44.099998474121094,0.009328842163085938,124.69455200000009,0.0,0.0,0.0,94.52732896336758,0.0,1.8302863836288452,-0.07634639739990234,-0.057788196951150894
45.21388831100194,45.5,44.20000076293945,0.007894277572631836,124.69455200000009,0.0,0.0,0.0,94.70862603233353,0.0,1.824162483215332,-0.061239004135131836,-0.057567693293094635
45.31335802099784,45.6,44.400001525878906,0.007902860641479492,124.69455200000009,0.0,0.0,0.0,94.88957805077398,0.0,1.821628451347351,-0.02534031867980957,-0.0572783425450325
45.41458902900922,45.7,44.599998474121094,0.008900642395019531,124.69455200000009,0.0,0.0,0.0,95.07024065495585,0.0,1.8182921409606934,-0.03336310386657715,-0.05031071603298187
45.51537675500731,45.8,44.70000076293945,0.007742881774902344,124.69455200000009,0.0,0.0,0.0,95.25063750856783,0.0,1.81327223777771,-0.050199031829833984,-0.05385425314307213
45.61453344300389,45.9,44.70000076293945,0.008261680603027344,124.69455200000009,0.0,0.0,0.0,95.43075225438821,0.0,1.8133766651153564,0.0010442733764648438,-0.05385974049568176
45.71455471002264,46.0,44.900001525878906,0.008322954177856445,124.69455200000009,0.0,0.0,0.0,95.61311146072758,0.0,1.802579402923584,-0.10797262191772461,-0.050115276128053665
45.81476408801973,46.1,45.0,0.00823521614074707,124.69455200000009,0.0,0.0,0.0,95.79573054423622,0.0,1.8002978563308716,-0.022815465927124023,-0.0462096706032753
45.91473757001222,46.2,45.0,0.0033867359161376953,124.69455200000009,0.0,0.0,0.0,95.97858725619753,0.0,1.8051944971084595,0.048966407775878906,-0.04622916504740715
46.10773030700511,46.3,45.0,0.008373737335205078,124.69455200000009,0.0,0.0,0.0,96.34170452847795,0.0,1.7866947650909424,-0.1849973201751709,-0.04622916504740715
46.120480815996416,46.4,45.29999923706055,0.008873462677001953,124.69455200000009,0.0,0.0,0.0,96.34170452847795,0.0,1.7866947650909424,0.0,-0.03851679340004921
46.21398796502035,46.5,45.400001525878906,0.009129762649536133,124.69455200000009,0.0,0.0,0.0,98.72559854662747,0.0,1.7880834341049194,0.013886690139770508,-0.04023059830069542
46.31640256900573,46.6,45.5,0.007936716079711914,124.69455200000009,0.0,0.0,0.0,98.90260921246838,0.0,1.7857645750045776,-0.02318859100341797,-0.04320813715457916
46.41506518301321,46.7,45.5,0.008433341979980469,124.69455200000009,0.0,0.0,0.0,99.0789535287874,0.0,1.7850154638290405,-0.007491111755371094,-0.03892655298113823
46.51538299600361,46.8,45.599998474121094,0.0044345855712890625,124.69455200000009,0.0,0.0,0.0,99.25567081589075,0.0,1.7774237394332886,-0.07591724395751953,-0.03956706076860428
46.61114084001747,46.9,45.79999923706055,0.006171703338623047,124.69455200000009,0.0,0.0,0.0,99.43150223520443,0.0,1.7673019170761108,-0.10121822357177734,-0.03061533160507679
46.711233631998766,47.0,45.79999923706055,0.009453296661376953,124.69455200000009,0.0,0.0,0.0,99.60127408889528,0.0,1.7711094617843628,0.03807544708251953,-0.03258601948618889
46.81618396801059,47.1,45.900001525878906,0.005242586135864258,124.69455200000009,0.0,0.0,0.0,99.76960365398172,0.0,1.7639192342758179,-0.07190227508544922,-0.027735648676753044
46.90880254699732,47.2,46.099998474121094,0.008838415145874023,124.69455200000009,0.0,0.0,0.0,99.93699607797002,0.0,1.7560300827026367,-0.07889151573181152,-0.02197202853858471
47.01604876900092,47.3,46.099998474121094,0.008220434188842773,124.69455200000009,0.0,0.0,0.0,100.10462817683702,0.0,1.7548167705535889,-0.012133121490478516,-0.020151037722826004
47.21477215900086,47.4,46.099998474121094,0.0062749385833740234,124.69455200000009,0.0,0.0,0.0,100.43858663202687,0.0,1.7380727529525757,-0.16744017601013184,-0.020151037722826004
47.22487511500367,47.5,46.29999923706055,0.010349512100219727,124.69455200000009,0.0,0.0,0.0,100.43858663202687,0.0,1.7380727529525757,0.0,-0.023783080279827118
47.314978478010744,47.6,46.400001525878906,0.009075403213500977,124.69455200000009,0.0,0.0,0.0,100.60488170207888,0.0,1.7383177280426025,0.0024497509002685547,-0.018439052626490593
47.41584972801502,47.7,46.599998474121094,0.007071018218994141,124.69455200000009,0.0,0.0,0.0,100.77134939208095,0.0,1.7332663536071777,-0.05051374435424805,-0.022073868662118912
47.51302912601386,47.8,46.599998474121094,0.008153438568115234,124.69455200000009,0.0,0.0,0.0,100.93747353791578,0.0,1.7311453819274902,-0.021209716796875,-0.02088080905377865
47.615153223014204,47.9,46.70000076293945,0.00812077522277832,124.69455200000009,0.0,0.0,0.0,101.10349762420853,0.0,1.7252672910690308,-0.05878090858459473,-0.025252152234315872
47.712479879002785,48.0,46.70000076293945,0.00899362564086914,124.69455200000009,0.0,0.0,0.0,101.2726800185566,0.0,1.723530888557434,-0.017364025115966797,-0.01757032983005047
47.81339152701548,48.1,46.79999923706055,0.008099555969238281,124.69455200000009,0.0,0.0,0.0,101.44288842736063,0.0,1.7186752557754517,-0.04855632781982422,-0.02099177986383438
47.91171437501907,48.2,47.099998474121094,0.003923654556274414,124.69455200000009,0.0,0.0,0.0,101.61284717341952,0.0,1.7186537981033325,-0.00021457672119140625,-0.006573956925421953
48.00613113900181,48.3,47.20000076293945,0.008202314376831055,124.69455200000009,0.0,0.0,0.0,101.78275954683788,0.0,1.7187546491622925,0.0010085105895996094,-0.006384443026036024
48.11481039301725,48.4,47.400001525878906,0.009678363800048828,124.69455200000009,0.0,0.0,0.0,101.95241251269977,0.0,1.7172424793243408,-0.015121698379516602,-0.0050198729149997234
48.31662753300043,48.5,47.400001525878906,0.006838560104370117,124.69455200000009,0.0,0.0,0.0,102.29267458338184,0.0,1.7256426811218262,0.08400201797485352,-0.0050198729149997234
48.32680279499618,48.6,47.400001525878906,0.009563446044921875,124.69455200000009,0.0,0.0,0.0,102.29267458338184,0.0,1.7256426811218262,0.0,-0.001402734313160181
48.41694883001037,48.7,47.5,0.010539054870605469,124.69455200000009,0.0,0.0,0.0,102.4634430588262,0.0,1.7222423553466797,-0.034003257751464844,0.006284329574555159
48.514703757013194,48.8,47.5,0.009004831314086914,124.69455200000009,0.0,0.0,0.0,102.63449175412134,0.0,1.731329083442688,0.09086728096008301,0.0008568781777285039
48.61621489599929,48.9,47.79999923706055,0.00921320915222168,124.69460564000009,0.0,0.000536400000000146,0.00536400000000146,102.63449175412134,0.0,1.731329083442688,0.0,0.009225434623658657
48.71631973001058,49.0,47.900001525878906,0.009811878204345703,124.6954996400001,0.0,0.00894000000000011,0.08403599999999962,102.97606635027896,0.0,1.7263903617858887,-0.049387216567993164,0.02033839374780655
48.81525028301985,49.1,48.0,0.010241985321044922,124.6972876400001,0.0,0.0178800000000001,0.08939999999999991,103.14737690629072,0.0,1.7376941442489624,0.1130378246307373,0.01928417757153511
48.91445363202365,49.2,48.0,0.009168624877929688,124.69996964000009,0.0,0.0268200000000002,0.089400000000001,103.31868287251896,0.0,1.7360728979110718,-0.01621246337890625,0.01904519461095333
49.01317368200398,49.3,48.20000076293945,0.01005411148071289,124.70354564000009,0.0,0.0357600000000002,0.0894,103.49008864958178,0.0,1.7390838861465454,0.030109882354736328,0.03373049572110176
49.116104571003234,49.4,48.29999923706055,0.007976055145263672,124.70801564000008,0.0,0.0447000000000002,0.08939999999999997,103.66178013501734,0.0,1.735258936882019,-0.03824949264526367,0.030930710956454277
49.21214836300351,49.5,48.400001525878906,0.009971141815185547,124.71441668000008,0.0,0.0640104000000004,0.193104000000002,103.83362534993914,0.0,1.736721396446228,0.014624595642089844,0.03109142929315567
49.413690451998264,49.6,48.400001525878906,0.005746126174926758,124.73795868000009,0.0,0.23542,1.714095999999996,104.17814012073279,0.0,1.7470866441726685,0.1036524772644043,0.03109142929315567
49.420567818015115,49.7,48.599998474121094,0.010795354843139648,124.77967868000009,0.0,0.417200000000002,1.81780000000002,104.17814012073279,0.0,1.7470866441726685,0.0,0.04436126723885536
49.51354908500798,49.8,48.70000076293945,0.01006770133972168,124.83957668000009,0.0,0.598980000000001,1.8177999999999894,104.351015159857,0.0,1.7483270168304443,0.012403726577758789,0.046292975544929504
49.61410186201101,49.9,48.79999923706055,0.010970115661621094,124.91765268000009,0.0,0.780760000000001,1.8178000000000005,104.52413757813942,0.0,1.7498935461044312,0.015665292739868164,0.048511918634176254
49.716136044007726,50.0,48.79999923706055,0.011050939559936523,125.01390668000009,0.0,0.962539999999998,1.8177999999999694,104.69729793561778,0.0,1.750807285308838,0.009137392044067383,0.04926252365112305
49.81532003299799,50.1,49.0,0.00701594352722168,125.12837444000009,0.0,1.1446776,1.8213760000000212,104.87124196472037,0.0,1.761183261871338,0.103759765625,0.056437019258737564
49.912889697006904,50.2,49.0,0.008941888809204102,125.26158044000009,0.0,1.33206,1.8738239999999995,105.04607618573138,0.0,1.7625885009765625,0.014052391052246094,0.05714481696486473
50.01485980700818,50.3,49.099998474121094,0.009302854537963867,125.41356044000008,0.0,1.5198,1.8774000000000002,105.22128315142903,0.0,1.7672959566116333,0.04707455635070801,0.0637415200471878
50.11663696699543,50.4,49.099998474121094,0.009330511093139648,125.58431444000009,0.0,1.70754,1.8774000000000002,105.39715338041482,0.0,1.775595784187317,0.08299827575683594,0.059212926775217056
50.21535447600763,50.5,49.29999923706055,0.009174346923828125,125.77384244000008,0.0,1.89528,1.8774000000000002,105.57320449322198,0.0,1.777078628540039,0.01482844352722168,0.07069649547338486
50.31618002301548,50.6,49.599998474121094,0.008937597274780273,125.98214444000008,0.0,2.08302,1.877399999999998,105.75004295174121,0.0,1.7825531959533691,0.05474567413330078,0.08041998744010925
50.51389113801997,50.7,49.599998474121094,0.010652303695678711,126.20925620000008,0.0,2.2711176,1.880976000000003,106.10531154014183,0.0,1.7942874431610107,0.11734247207641602,0.08041998744010925
50.52718414700939,50.8,49.599998474121094,0.009451150894165039,126.45570220000009,0.0,2.46446,1.933423999999997,106.10531154014183,0.0,1.7942874431610107,0.0,0.0800456702709198
50.613629622006556,50.9,49.79999923706055,0.00931859016418457,126.72151820000009,0.0,2.65816,1.937000000000002,106.10531154014183,0.0,1.7942874431610107,0.0,0.09269456565380096
50.71561588800978,51.0,49.900001525878906,0.010667800903320312,127.00670420000009,0.0,2.85186,1.9369999999999976,106.46439614918712,0.0,1.8076788187026978,0.13391375541687012,0.09346525371074677
50.816678055009106,51.1,50.0,0.01266789436340332,127.31126020000009,0.0,3.04556,1.937000000000002,106.64562841539946,0.0,1.8123860359191895,0.04707217216491699,0.10333859175443649
50.920166143012466,51.2,50.0,0.011061906814575195,127.63518620000009,0.0,3.23926000000001,1.9370000000000998,106.82764206964913,0.0,1.8218393325805664,0.09453296661376953,0.09623312205076218
51.017852415010566,51.3,50.20000076293945,0.011843204498291016,127.97814248000009,0.0,3.42956280000001,1.903028,107.01047936394595,0.0,1.8310348987579346,0.09195566177368164,0.11257502436637878
51.11907323100604,51.4,50.29999923706055,0.012141704559326172,128.33514648000008,0.0,3.57004000000001,1.4047719999999986,107.19370585153789,0.0,1.8283840417861938,-0.026508569717407227,0.10930952429771423
51.21856871500495,51.5,50.29999923706055,0.010772466659545898,128.70585848000007,0.0,3.70712,1.3707999999999032,107.37714423225226,0.0,1.8354722261428833,0.07088184356689453,0.11026345938444138
51.31738387301448,51.6,50.5,0.012278318405151367,129.09027848000008,0.0,3.8442,1.3707999999999965,107.56164244033532,0.0,1.8477823734283447,0.12310147285461426,0.11869734525680542
51.41895260300953,51.7,50.599998474121094,0.011185646057128906,129.4884064800001,0.0,3.98128000000001,1.370800000000103,107.74699503775422,0.0,1.858731746673584,0.10949373245239258,0.12545146048069
51.615097357018385,51.8,50.599998474121094,0.006551980972290039,129.9002424800001,0.0,4.11836,1.3707999999998988,108.12102476768459,0.0,1.8782801628112793,0.19548416137695312,0.12545146048069
51.624881538999034,51.9,50.599998474121094,0.011799812316894531,130.3257507200001,0.0,4.2550824,1.3672240000000002,108.12102476768459,0.0,1.8782801628112793,0.0,0.11997105926275253
51.714815993997036,52.0,50.79999923706055,0.01278829574584961,130.7644067200001,0.0,4.38656,1.314776000000002,108.30630046927192,0.0,1.8835726976394653,0.05292534828186035,0.12579445540905
51.81799713001237,52.1,51.0,0.013141632080078125,131.21617472000008,0.0,4.51768,1.3112000000000013,108.49184723375272,0.0,1.8990106582641602,0.15437960624694824,0.13549160957336426
51.9209804230195,52.2,51.099998474121094,0.012477636337280273,131.68105472000008,0.0,4.6488,1.3111999999999924,108.6783966002715,0.0,1.9088345766067505,0.09823918342590332,0.14091210067272186
52.01940577101777,52.3,51.099998474121094,0.011983871459960938,132.15904672000008,0.0,4.77992,1.3112000000000013,108.86659613528278,0.0,1.9227336645126343,0.1389908790588379,0.13565286993980408
52.11979643799714,52.4,51.20000076293945,0.012680768966674805,132.65015072000008,0.0,4.91104,1.3112000000000013,109.05572090169525,0.0,1.9303535223007202,0.07619857788085938,0.143947035074234
52.22030799702043,52.5,51.400001525878906,0.012540102005004883,133.15477796000008,0.0,5.0462724,1.3523240000000047,109.24544185950987,0.0,1.930769681930542,0.0041615962982177734,0.1498388946056366
52.31929937400855,52.6,51.400001525878906,0.009736776351928711,133.67895996000007,0.0,5.24182,1.9554759999999938,109.43591687580101,0.0,1.943421721458435,0.12652039527893066,0.15315434336662292
52.41651222499786,52.7,51.5,0.00455784797668457,134.22310796000008,0.0,5.44148,1.9966000000000061,109.62777748104307,0.0,1.9563788175582886,0.12957096099853516,0.149776890873909
52.609955230000196,52.8,51.5,0.0035250186920166016,134.78722196000007,0.0,5.64114,1.9965999999999973,109.82029558408163,0.0,1.9653677940368652,0.0898897647857666,0.149776890873909
52.61620619700989,52.9,51.79999923706055,0.004123687744140625,135.37130196000007,0.0,5.8408,1.9965999999999973,109.82029558408163,0.0,1.9653677940368652,0.0,0.16618208587169647
52.7070214630221,53.0,51.900001525878906,0.005133390426635742,135.97534796000008,0.0,6.04046,1.9966000000000061,110.21049339176433,0.0,1.9863165616989136,0.2094876766204834,0.1655413806438446
52.80843534201267,53.1,51.900001525878906,0.010957956314086914,136.59862688000007,0.0,6.2327892,1.9232919999999964,111.61356173773363,0.0,2.001096725463867,0.14780163764953613,0.16459445655345917
52.9172957650153,53.2,52.0,0.01193857192993164,137.23038688000008,0.0,6.3176,0.8481079999999963,111.80837217956932,0.0,2.0086379051208496,0.07541179656982422,0.16936390101909637
53.01925510499859,53.3,52.0,0.011490106582641602,137.8698948800001,0.0,6.39508,0.7748000000000044,112.00419153762182,0.0,2.0179340839385986,0.09296178817749023,0.1659061461687088
53.1183629570005,53.4,52.20000076293945,0.009155750274658203,138.5171508800001,0.0,6.47256,0.7747999999999955,112.20134508353756,0.0,2.036114454269409,0.18180370330810547,0.17200832068920135
53.21265929201036,53.5,52.400001525878906,0.009137868881225586,139.17215488000008,0.0,6.55004,0.7748000000000044,112.40022861210575,0.0,2.0499894618988037,0.1387500762939453,0.1790948063135147
53.31410307600163,53.6,52.400001525878906,0.010988712310791016,139.8349068800001,0.0,6.62752,0.7747999999999955,112.60030741038234,0.0,2.060878038406372,0.1088857650756836,0.18119415640830994
53.41686075300095,53.7,52.5,0.011502265930175781,140.5054426400001,0.0,6.7053576,0.7783760000000051,112.80175579746737,0.0,2.0763795375823975,0.1550149917602539,0.1769125610589981
53.518495634023566,53.8,52.599998474121094,0.011305093765258789,141.1842866400001,0.0,6.78844,0.8308239999999945,113.00468770608174,0.0,2.092092990875244,0.1571345329284668,0.18454116582870483
53.7185311060166,53.9,52.599998474121094,0.008566617965698242,141.8714746400001,0.0,6.87188,0.834400000000004,113.41718564114086,0.0,2.1271677017211914,0.35074710845947266,0.18454116582870483
53.73110205301782,54.0,52.79999923706055,0.009891510009765625,142.5670066400001,0.0,6.95532,0.834400000000004,113.41718564114086,0.0,2.1271677017211914,0.0,0.1885715276002884
53.81473307101987,54.1,53.0,0.012438535690307617,143.2708826400001,0.0,7.03876,0.8343999999999951,113.62670897631857,0.0,2.147583484649658,0.20415782928466797,0.18923832476139069
53.918743717018515,54.2,53.0,0.01291346549987793,143.9831026400001,0.0,7.1222,0.834400000000004,113.83814751120781,0.0,2.1637685298919678,0.1618504524230957,0.1890779286623001
54.018922368006315,54.3,53.0,0.01221466064453125,144.7040063600001,0.0,7.20903720000001,0.868372000000095,114.05096494078688,0.0,2.170353651046753,0.06585121154785156,0.18385252356529236
54.11763153801439,54.4,53.20000076293945,0.011858701705932617,145.4385763600001,0.0,7.34570000000001,1.3666279999999986,114.05096494078688,0.0,2.170353651046753,0.0,0.1882934868335724
54.21899425200536,54.5,53.400001525878906,0.01261448860168457,146.1871523600001,0.0,7.48576,1.400599999999903,114.48211806433032,0.0,2.209012269973755,0.38658618927001953,0.18798430263996124
54.32035178900696,54.6,53.5,0.011921882629394531,146.94973436000012,0.0,7.62582000000001,1.4006000000000984,114.69996369857192,0.0,2.2321245670318604,0.2311229705810547,0.19709758460521698
54.417393644020194,54.7,53.5,0.013608932495117188,147.72632236000013,0.0,7.76588000000001,1.4006000000000007,114.9195203820713,0.0,2.241823673248291,0.09699106216430664,0.1831716150045395
54.52063836102025,54.8,53.5,0.011945486068725586,148.51691636000012,0.0,7.90594000000001,1.4006000000000007,115.14056615133097,0.0,2.2662479877471924,0.24424314498901367,0.19282232224941254
54.61830127701978,54.9,53.79999923706055,0.010775327682495117,149.32155212000012,0.0,8.04635760000001,1.4041759999999925,115.14056615133097,0.0,2.2662479877471924,0.0,0.19536127150058746
54.81826232300955,55.0,53.79999923706055,0.006706953048706055,150.1407541200001,0.0,8.19202,1.456623999999902,115.81454242551912,0.0,2.3129682540893555,0.46720266342163086,0.19536127150058746
54.82862523800577,55.1,53.79999923706055,0.011502981185913086,150.9745581200001,0.0,8.33804,1.4602000000000004,115.81454242551912,0.0,2.3129682540893555,0.0,0.18884848058223724
54.91924310699687,55.2,54.099998474121094,0.009991168975830078,151.8229641200001,0.0,8.48406,1.4602000000000004,116.04349116096287,0.0,2.335629940032959,0.22661685943603516,0.19041262567043304
55.01623210401158,55.3,54.099998474121094,0.012439966201782227,152.68597212000012,0.0,8.63008,1.4602000000000004,116.27382595812611,0.0,2.3436756134033203,0.08045673370361328,0.20040959119796753
55.118970184004866,55.4,54.29999923706055,0.009894132614135742,153.56358212000012,0.0,8.7761,1.4602000000000004,116.50550772265792,0.0,2.3588600158691406,0.15184402465820312,0.19346193969249725
55.21563003299525,55.5,54.29999923706055,0.010230064392089844,154.45522196000013,0.0,8.9163984,1.4029840000000071,116.73930446316191,0.0,2.3855414390563965,0.2668142318725586,0.19649124145507812
55.316204063012265,55.6,54.400001525878906,0.01026773452758789,155.35249996000013,0.0,8.97278,0.5638159999999992,116.97516315862825,0.0,2.403989553451538,0.18448114395141602,0.19460529088974
55.41585222500726,55.7,54.599998474121094,0.01019740104675293,156.25484396000013,0.0,9.02344,0.5066000000000059,117.21282283161653,0.0,2.4173710346221924,0.13381481170654297,0.20724418759346008
55.516218406002736,55.8,54.599998474121094,0.009757518768310547,157.16225396000013,0.0,9.0741,0.5065999999999882,117.45193223870875,0.0,2.4307618141174316,0.13390779495239258,0.19249364733695984
55.615854759002104,55.9,54.70000076293945,0.010961055755615234,158.07472996000013,0.0,9.12476,0.5066000000000059,117.45193223870875,0.0,2.4307618141174316,0.0,0.1953979730606079
55.71758510899963,56.0,54.900001525878906,0.009511947631835938,158.99227196000012,0.0,9.17542,0.5066000000000059,117.9342727381976,0.0,2.4691832065582275,0.384213924407959,0.19467303156852722
55.91378669801634,56.1,54.900001525878906,0.005025148391723633,159.91450448000012,0.0,9.2223252,0.46905199999999425,118.42188065603449,0.0,2.5075571537017822,0.3837394714355469,0.19467303156852722
55.921050076023676,56.2,54.900001525878906,0.010049104690551758,160.8359204800001,0.0,9.21416,-0.08165200000000539,118.42188065603449,0.0,2.5075571537017822,0.0,0.19446547329425812
56.016437972022686,56.3,54.900001525878906,0.008527040481567383,161.7561444800001,0.0,9.20224,-0.1191999999999993,118.66862983797114,0.0,2.519638776779175,0.12081623077392578,0.19865374267101288
56.1142162590113,56.4,55.29999923706055,0.008940696716308594,162.6751764800001,0.0,9.19032,-0.1191999999999993,118.9173988357378,0.0,2.535083770751953,0.1544499397277832,0.19797873497009277
56.21500108699547,56.5,55.400001525878906,0.010237455368041992,163.5930164800001,0.0,9.1784,-0.1191999999999993,119.16698449428529,0.0,2.546417236328125,0.11333465576171875,0.19648411870002747
56.31727762601804,56.6,55.5,0.01142740249633789,164.5096644800001,0.0,9.16648,-0.1191999999999993,119.41774269389073,0.0,2.563169240951538,0.16752004623413086,0.1942729651927948
56.418482248001965,56.7,55.5,0.008214950561523438,165.42508472000011,0.0,9.1542024,-0.12277599999999111,119.67096027284907,0.0,2.585203170776367,0.22033929824829102,0.19837619364261627
56.51272591901943,56.8,55.599998474121094,0.007973432540893555,166.33875272000012,0.0,9.13668,-0.17522400000000715,119.92658166925894,0.0,2.601099729537964,0.1589655876159668,0.19170427322387695
56.614198041002965,56.9,55.599998474121094,0.01008749008178711,167.2506327200001,0.0,9.1188,-0.17879999999999896,119.92658166925894,0.0,2.601099729537964,0.0,0.19405382871627808
56.71671089300071,57.0,55.79999923706055,0.008834362030029297,168.1607247200001,0.0,9.10092,-0.17879999999999896,120.44571357665124,0.0,2.6464624404907227,0.4536271095275879,0.19274218380451202
56.81542184599675,57.1,55.900001525878906,0.009539127349853516,169.0690287200001,0.0,9.08304,-0.17879999999999896,120.70865697028115,0.0,2.663423538208008,0.16961097717285156,0.18851947784423828
57.01672986301128,57.2,55.900001525878906,0.005980253219604492,169.9755447200001,0.0,9.06516,-0.17879999999999896,121.24218213328686,0.0,2.7089107036590576,0.45487165451049805,0.18851947784423828
57.02453446900472,57.3,56.099998474121094,0.010190486907958984,170.8802548400001,0.0,9.0471012,-0.18058800000000375,121.24218213328686,0.0,2.7089107036590576,0.0,0.1824948936700821
57.11292122400482,57.4,56.20000076293945,0.008902788162231445,171.7828968400001,0.0,9.02642,-0.20681200000000288,121.51184204146553,0.0,2.727900505065918,0.18989801406860352,0.184385284781456
57.21318294201046,57.5,56.29999923706055,0.00841212272644043,172.6834528400001,0.0,9.00556,-0.20860000000000767,121.78329001900806,0.0,2.7425224781036377,0.14621973037719727,0.1823112517595291
57.314438735018484,57.6,56.400001525878906,0.008724212646484375,173.5819228400001,0.0,8.9847,-0.2085999999999899,122.05694321705825,0.0,2.7628376483917236,0.20315170288085938,0.17894470691680908
57.41543069502222,57.7,56.400001525878906,0.010088205337524414,174.4783068400001,0.0,8.96384,-0.20860000000000767,122.3323130553998,0.0,2.7801713943481445,0.17333745956420898,0.18001297116279602
57.51592869902379,57.8,56.70000076293945,0.009894132614135742,175.3726048400001,0.0,8.94298,-0.2085999999999899,122.60993368412103,0.0,2.8008430004119873,0.20671606063842773,0.17537537217140198
57.61757021100493,57.9,56.79999923706055,0.008930444717407227,176.2645665200001,0.0,8.9196168,-0.23363200000000361,122.88971423150441,0.0,2.822953939437866,0.22110939025878906,0.17615839838981628
57.71587324500433,58.0,56.79999923706055,0.013491392135620117,177.1505205200001,0.0,8.85954,-0.6007679999999915,123.16990366945365,0.0,2.8374533653259277,0.14499425888061523,0.166798934340477
57.81937347201165,58.1,57.0,0.009555578231811523,178.0302165200001,0.0,8.79696,-0.6258000000000052,123.45151987699303,0.0,2.8596413135528564,0.2218794822692871,0.16644516587257385
57.91496485102107,58.2,57.20000076293945,0.008913755416870117,178.9036545200001,0.0,8.73438,-0.6258000000000052,123.73539578947478,0.0,2.8826382160186768,0.22996902465820312,0.1592104434967041
58.11577288899571,58.3,57.20000076293945,0.007591962814331055,179.77083452000008,0.0,8.6718,-0.6258000000000052,124.31017981600445,0.0,2.923499584197998,0.4086136817932129,0.1592104434967041
58.12655299299513,58.4,57.29999923706055,0.011133432388305664,180.63175652000007,0.0,8.60922,-0.6257999999999875,124.31017981600445,0.0,2.923499584197998,0.0,0.15575025975704193
58.217461640015244,58.5,57.400001525878906,0.009791851043701172,181.48622384000006,0.0,8.5446732,-0.6454680000000046,124.60061114836435,0.0,2.943723678588867,0.2022409439086914,0.15610617399215698
58.31562070202199,58.6,57.5,0.01027822494506836,182.33135184000005,0.0,8.45128,-0.9339319999999951,124.89347110671217,0.0,2.968360185623169,0.24636507034301758,0.1527656465768814
58.41562708001584,58.7,57.599998474121094,0.01065969467163086,183.16694384000004,0.0,8.35592,-0.9536000000000122,125.41897305071356,0.0,2.9794814586639404,0.11121273040771484,0.15129318833351135
58.51602164900396,58.8,57.70000076293945,0.00951242446899414,183.99299984000004,0.0,8.26056,-0.9535999999999945,125.71359823637698,0.0,2.996201753616333,0.16720294952392578,0.14697690308094025
58.616430913010845,58.9,57.70000076293945,0.009653806686401367,184.80951984000004,0.0,8.1652,-0.9535999999999945,126.00968538126908,0.0,3.0120201110839844,0.15818357467651367,0.1505029946565628
58.71672629500972,59.0,57.900001525878906,0.010021209716796875,185.61650384000004,0.0,8.06984,-0.9536000000000122,126.30995605068298,0.0,3.020526885986328,0.0850677490234375,0.14070241153240204
58.816468985023675,59.1,57.900001525878906,0.010841131210327148,186.41391608000004,0.0,7.9741224,-0.9571759999999951,126.61260676280456,0.0,3.0410637855529785,0.2053689956665039,0.13899947702884674
58.91460097199888,59.2,58.0,0.010556459426879883,187.20123208000004,0.0,7.87316,-1.0096239999999934,126.91717700877952,0.0,3.0599374771118164,0.1887369155883789,0.13598337769508362
59.017127336002886,59.3,58.20000076293945,0.00968623161315918,187.97841608000004,0.0,7.77184,-1.013200000000003,127.22307902547799,0.0,3.0702450275421143,0.10307550430297852,0.13064394891262054
59.215878390008584,59.4,58.20000076293945,0.009142398834228516,188.74546808000005,0.0,7.67052,-1.013200000000003,127.83938866182095,0.0,3.1009140014648438,0.3066897392272949,0.13064394891262054
59.22871364202001,59.5,58.20000076293945,0.00489354133605957,189.50238808000006,0.0,7.5692,-1.013199999999994,127.83938866182095,0.0,3.1009140014648438,0.0,0.1268344521522522
59.311858158995165,59.6,58.400001525878906,0.012766361236572266,190.24917608000007,0.0,7.46788,-1.013200000000003,128.14937916877957,0.0,3.1043756008148193,0.03461599349975586,0.12227049469947815
59.41797501599649,59.7,58.599998474121094,0.01011514663696289,190.98583208000008,0.0,7.36656,-1.013200000000003,128.45998890250303,0.0,3.1181485652923584,0.13772964477539062,0.11449985951185226
59.517138943017926,59.8,58.599998474121094,0.010966062545776367,191.7123560800001,0.0,7.26524,-1.013199999999994,128.77314200032475,0.0,3.1402480602264404,0.2209949493408203,0.11544974893331528
59.61789258400677,59.9,58.79999923706055,0.010307788848876953,192.4287480800001,0.0,7.16392,-1.013200000000003,129.08689096844404,0.0,3.1411471366882324,0.008990764617919922,0.11000679433345795
59.716527486016275,60.0,58.79999923706055,0.010385274887084961,193.1350080800001,0.0,7.0626,-1.013200000000003,129.40297570500715,0.0,3.149484395980835,0.08337259292602539,0.11195292323827744
59.81662250199588,60.1,58.900001525878906,0.012485027313232422,193.83113608000008,0.0,6.96128,-1.013199999999994,129.72062726798987,0.0,3.1651053428649902,0.15620946884155273,0.10424456745386124
59.917377338017104,60.2,59.0,0.01060032844543457,194.51713208000007,0.0,6.85996,-1.013200000000003,130.03930251628657,0.0,3.1674675941467285,0.023622512817382812,0.10089506953954697
60.017125748010585,60.3,59.0,0.010659217834472656,195.19281728000007,0.0,6.75685199999999,-1.0310800000001041,130.35851219428733,0.0,3.183509349822998,0.1604175567626953,0.1001284122467041
60.117521592008416,60.4,59.20000076293945,0.010737419128417969,195.85556928000008,0.0,6.62752,-1.2933199999999,130.6798201550591,0.0,3.195892095565796,0.12382745742797852,0.09354515373706818
60.317589970014524,60.5,59.20000076293945,0.005568981170654297,196.5052092800001,0.0,6.4964,-1.3111999999999924,131.3255879129711,0.0,3.2261435985565186,0.30251502990722656,0.09354515373706818
60.32488374700188,60.6,59.29999923706055,0.012179136276245117,197.1417372800001,0.0,6.36528,-1.3112000000000013,131.3255879129711,0.0,3.2261435985565186,0.0,0.0873623713850975
60.41935020801611,60.7,59.5,0.00963735580444336,197.76515328000008,0.0,6.23416,-1.3112000000000013,131.65027902738154,0.0,3.2319138050079346,0.057702064514160156,0.08398322016000748
60.51547788400785,60.8,59.70000076293945,0.01076817512512207,198.3754572800001,0.0,6.10304,-1.3112000000000013,131.97584117326988,0.0,3.2405574321746826,0.08643627166748047,0.07588979601860046
60.61835800402332,60.9,59.70000076293945,0.011246919631958008,198.97247048000008,0.0,5.970132,-1.3290799999999958,132.30291060027932,0.0,3.2600595951080322,0.1950216293334961,0.07657812535762787
60.71661025102367,61.0,59.70000076293945,0.010786294937133789,199.55357048000008,0.0,5.811,-1.591320000000005,132.62641453845188,0.0,3.2559051513671875,-0.041544437408447266,0.07084140181541443
60.81760283501353,61.1,60.0,0.011569738388061523,200.11857848000008,0.0,5.65008,-1.6091999999999995,132.94976102369287,0.0,3.275376081466675,0.19470930099487305,0.07139543443918228
60.916791807016125,61.2,60.0,0.01119542121887207,200.66749448000007,0.0,5.48916,-1.6091999999999995,133.27479769905807,0.0,3.2799954414367676,0.046193599700927734,0.06483174115419388
61.01639571401756,61.3,60.099998474121094,0.010782241821289062,201.20031848000008,0.0,5.32824,-1.6091999999999995,133.6002652019154,0.0,3.2906153202056885,0.10619878768920898,0.06266050785779953
61.11657866201131,61.4,60.29999923706055,0.01183009147644043,201.71705048000007,0.0,5.16732,-1.6091999999999995,133.92681907827108,0.0,3.300504684448242,0.09889364242553711,0.05685567483305931
61.21642817900283,61.5,60.5,0.008136272430419922,202.21788716000006,0.0,5.0083668,-1.5895320000000002,134.25416989137457,0.0,3.3016390800476074,0.011343955993652344,0.05026181414723396
61.41268274700269,61.6,60.5,0.0071489810943603516,202.70571316000007,0.0,4.87826,-1.3010680000000008,134.91242874275858,0.0,3.3246145248413086,0.22975444793701172,0.05026181414723396
61.42073948500911,61.7,60.599998474121094,0.009588003158569336,203.18072516000007,0.0,4.75012,-1.2814000000000014,134.91242874275858,0.0,3.3246145248413086,0.0,0.05010317265987396
61.51476944499882,61.8,60.70000076293945,0.011568784713745117,203.64292316000007,0.0,4.62198,-1.2814000000000014,135.24292277646305,0.0,3.334885597229004,0.10271072387695312,0.038089897483587265
61.61668397200992,61.9,60.79999923706055,0.010930299758911133,204.09230716000008,0.0,4.49384,-1.2814000000000014,135.57455859061395,0.0,3.349238872528076,0.14353275299072266,0.04024653136730194
61.717725912021706,62.0,60.900001525878906,0.010277986526489258,204.52887716000006,0.0,4.3657,-1.2813999999999925,135.90837854961322,0.0,3.3602888584136963,0.11049985885620117,0.03850497305393219
61.81520452600671,62.1,60.900001525878906,0.011629104614257812,204.95252588000005,0.0,4.2364872,-1.2921280000000035,136.243652945346,0.0,3.361809492111206,0.015206336975097656,0.03957837074995041
61.91700440301793,62.2,61.0,0.010806083679199219,205.36167988000005,0.0,4.09154,-1.4494719999999983,136.57877587832257,0.0,3.3565027713775635,-0.05306720733642578,0.034002840518951416
62.01694760800456,62.3,61.099998474121094,0.010714054107666016,205.75623188000006,0.0,3.94552,-1.4602000000000004,136.91487213001935,0.0,3.380303382873535,0.2380061149597168,0.029949650168418884
62.1170824879955,62.4,61.20000076293945,0.009387969970703125,206.13618188000007,0.0,3.7995,-1.4602000000000004,137.25246290871942,0.0,3.387622356414795,0.07318973541259766,0.026059649884700775
62.214383384009125,62.5,61.29999923706055,0.010174751281738281,206.50152988000008,0.0,3.65348,-1.4602000000000004,137.59046896349497,0.0,3.3877129554748535,0.0009059906005859375,0.03146439045667648
62.316554439021274,62.6,61.400001525878906,0.009470462799072266,206.85227588000006,0.0,3.50746,-1.4602000000000004,137.9288338397694,0.0,3.3903937339782715,0.026807785034179688,0.02848879061639309
62.51591427801759,62.7,61.400001525878906,0.009409427642822266,207.18824108000007,0.0,3.35965199999999,-1.4780800000001015,138.60598659954516,0.0,3.3901145458221436,-0.002791881561279297,0.02848879061639309
62.52826407100656,62.8,61.599998474121094,0.010925054550170898,207.50680308000005,0.0,3.18561999999999,-1.7403199999999996,138.60598659954516,0.0,3.3901145458221436,0.0,0.016648005694150925
62.61713031399995,62.9,61.70000076293945,0.010065555572509766,207.80778308000006,0.0,3.00979999999999,-1.7581999999999987,138.9446240266224,0.0,3.392136335372925,0.0202178955078125,0.014799483120441437
62.71614595700521,63.0,61.79999923706055,0.009933948516845703,208.09118108000007,0.0,2.83397999999999,-1.7581999999999987,139.28343400813262,0.0,3.40055775642395,0.0842142105102539,0.01476462371647358
62.814374181994935,63.1,61.900001525878906,0.010302305221557617,208.35699708000007,0.0,2.65815999999999,-1.758200000000003,139.62322493301295,0.0,3.403177499771118,0.026197433471679688,0.016012543812394142
62.9139641780057,63.2,62.0,0.013219594955444336,208.60523108000007,0.0,2.48233999999999,-1.7581999999999987,139.96325876863054,0.0,3.4085381031036377,0.05360603332519531,0.0062105245888233185
63.019880873005604,63.3,62.099998474121094,0.0032715797424316406,208.83574004000008,0.0,2.30508959999999,-1.7725040000000014,140.30313699010043,0.0,3.4033703804016113,-0.05167722702026367,0.009368407540023327
63.10573739602114,63.4,62.20000076293945,0.008025884628295898,209.04642604000009,0.0,2.10685999999999,-1.982295999999999,140.64264566165883,0.0,3.3993654251098633,-0.04004955291748047,0.004778966307640076
63.2120933830156,63.5,62.400001525878906,0.007961034774780273,209.23714604000008,0.0,1.90719999999999,-1.9965999999999995,140.98256812913698,0.0,3.405266284942627,0.05900859832763672,-0.004884278867393732
63.311985609005205,63.6,62.400001525878906,0.010082244873046875,209.40790004000007,0.0,1.70754,-1.9965999999998996,141.3242232135252,0.0,3.426250457763672,0.20984172821044922,0.0017109847394749522
63.416385919001186,63.7,62.599998474121094,0.009134531021118164,209.55868804000008,0.0,1.50787999999999,-1.9966000000001016,141.66690113990805,0.0,3.4317917823791504,0.055413246154785156,-0.00394707964733243
63.61524912901223,63.8,62.599998474121094,0.009714841842651367,209.68951004000007,0.0,1.30821999999999,-1.9965999999999995,143.49868163392853,0.0,3.4281890392303467,-0.03602743148803711,-0.00394707964733243
63.62787932701758,63.9,62.79999923706055,0.010655879974365234,209.80084880000007,0.0,1.1133876,-1.9483239999998991,143.49868163392853,0.0,3.4281890392303467,0.0,-0.013799455948174
63.716012232005596,64.0,62.79999923706055,0.006896018981933594,209.89978480000008,0.0,0.989359999999997,-1.2402760000000301,143.83255577804746,0.0,3.428402900695801,0.0021386146545410156,-0.006056587211787701
63.80958590601222,64.1,62.900001525878906,0.003688335418701172,209.98680080000008,0.0,0.870159999999997,-1.1919999999999997,144.16605203357372,0.0,3.4124627113342285,-0.15940189361572266,-0.011579761281609535
63.90479332700488,64.2,63.0,0.003970146179199219,210.06189680000008,0.0,0.750959999999998,-1.1919999999999908,144.50050970987039,0.0,3.4291434288024902,0.1668071746826172,-0.01161761675029993
64.00626013299916,64.3,63.20000076293945,0.0044476985931396484,210.12507280000008,0.0,0.631759999999998,-1.1919999999999997,144.83550200146198,0.0,3.4306395053863525,0.014960765838623047,-0.019291650503873825
64.10628955200082,64.4,63.29999923706055,0.005791902542114258,210.17632880000008,0.0,0.512559999999998,-1.1919999999999997,145.17002498706057,0.0,3.414125442504883,-0.16514062881469727,-0.01284527126699686
64.20921863100375,64.5,63.29999923706055,0.010880470275878906,210.21598664000007,0.0,0.396578399999998,-1.1598160000000002,145.50264994106502,0.0,3.3961668014526367,-0.17958641052246094,-0.01895863004028797
64.31791437900392,64.6,63.5,0.008781671524047852,210.24876664000007,0.0,0.327799999999999,-0.6877839999999902,145.83506575874978,0.0,3.4033892154693604,0.07222414016723633,-0.025358431041240692
64.41305649201968,64.7,63.5,0.005119800567626953,210.27499064000008,0.0,0.262239999999999,-0.6556000000000001,146.16899643011905,0.0,3.41668963432312,0.13300418853759766,-0.020411886274814606
64.50856662500883,64.8,63.599998474121094,0.0035941600799560547,210.29465864000008,0.0,0.19668,-0.6555999999999897,146.50393447459481,0.0,3.4119555950164795,-0.04734039306640625,-0.022257167845964432
64.70581998399575,64.9,63.599998474121094,0.0036630630493164062,210.3077706400001,0.0,0.13112,-0.6556000000000001,147.1726313955077,0.0,3.4115004539489746,-0.004551410675048828,-0.022257167845964432
64.71070303302258,65.0,63.70000076293945,0.004070281982421875,210.31432664000008,0.0,0.0655599999999999,-0.6556000000000008,147.1726313955077,0.0,3.4115004539489746,0.0,-0.02164946310222149
64.8077150240133,65.1,63.900001525878906,0.00372314453125,210.31472000000008,0.0,0.00393360000000014,-0.6162639999999975,147.50558173177686,0.0,3.399390459060669,-0.12109994888305664,-0.04116659238934517
64.90632302500308,65.2,64.0999984741211,0.003416776657104492,210.31472000000008,0.0,0.0,-0.0393360000000014,147.8382562759176,0.0,3.4001169204711914,0.007264614105224609,-0.04314982891082764
65.00657203400624,65.3,64.0999984741211,0.00593876838684082,210.31472000000008,0.0,0.0,0.0,148.17034324836004,0.0,3.3960251808166504,-0.040917396545410156,-0.03933482617139816
65.11078375100624,65.4,64.19999694824219,0.006810188293457031,210.31472000000008,0.0,0.0,0.0,148.50336782476802,0.0,3.394793748855591,-0.012314319610595703,-0.04117618501186371
65.2100532350014,65.5,64.30000305175781,0.008823394775390625,210.31472000000008,0.0,0.0,0.0,148.83565663189216,0.0,3.3820652961730957,-0.12728452682495117,-0.04226147383451462
65.31518248299835,65.6,64.4000015258789,0.01049351692199707,210.31472000000008,0.0,0.0,0.0,149.16718399683108,0.0,3.3749208450317383,-0.07144451141357422,-0.049232810735702515
65.4178108110209,65.7,64.5,0.009524106979370117,210.31472000000008,0.0,0.0,0.0,149.4986419087978,0.0,3.372965097427368,-0.019557476043701172,-0.04745347052812576
65.5163630900206,65.8,64.5999984741211,0.009950876235961914,210.31472000000008,0.0,0.0,0.0,149.82951267310432,0.0,3.3713901042938232,-0.01574993133544922,-0.047367844730615616
65.6163966320164,65.9,64.9000015258789,0.009853124618530273,210.31472000000008,0.0,0.0,0.0,150.1603473197823,0.0,3.366908311843872,-0.04481792449951172,-0.05797507241368294
65.81701112000155,66.0,64.9000015258789,0.006689548492431641,210.31472000000008,0.0,0.0,0.0,150.8221694528248,0.0,3.362318515777588,-0.0458979606628418,-0.05797507241368294
65.82648094001343,66.1,65.0,0.009149551391601562,210.31472000000008,0.0,0.0,0.0,150.8221694528248,0.0,3.362318515777588,0.0,-0.055831845849752426
65.91637575501227,66.2,65.0999984741211,0.010439872741699219,210.31472000000008,0.0,0.0,0.0,151.15234580643772,0.0,3.3517329692840576,-0.10585546493530273,-0.06044889986515045
66.01692958601052,66.3,65.19999694824219,0.010319709777832031,210.31472000000008,0.0,0.0,0.0,151.4820545985652,0.0,3.349601984024048,-0.021309852600097656,-0.0578848272562027
66.11708219800494,66.4,65.30000305175781,0.010916471481323242,210.31472000000008,0.0,0.0,0.0,151.81255696306073,0.0,3.3520305156707764,0.024285316467285156,-0.060861144214868546
66.21730729899718,66.5,65.4000015258789,0.011233091354370117,210.31472000000008,0.0,0.0,0.0,152.1420330698772,0.0,3.3321027755737305,-0.19927740097045898,-0.06603657454252243
66.31765290402109,66.6,65.5,0.010200977325439453,210.31472000000008,0.0,0.0,0.0,152.47022329984685,0.0,3.3289949893951416,-0.031077861785888672,-0.06455609202384949
66.41782493502251,66.7,65.5999984741211,0.009943485260009766,210.31472000000008,0.0,0.0,0.0,152.79798545222675,0.0,3.3245980739593506,-0.043969154357910156,-0.06808612495660782
66.51662231399678,66.8,65.69999694824219,0.010894060134887695,210.31472000000008,0.0,0.0,0.0,153.12522446437708,0.0,3.3150649070739746,-0.09533166885375977,-0.06843467801809311
66.6183432660182,66.9,65.69999694824219,0.009625911712646484,210.31472000000008,0.0,0.0,0.0,153.45307331022434,0.0,3.328430652618408,0.13365745544433594,-0.06541277468204498
66.71679054401466,67.0,65.80000305175781,0.011295557022094727,210.31472000000008,0.0,0.0,0.0,153.7803049426244,0.0,3.3254897594451904,-0.029408931732177734,-0.06978855282068253
66.91512605099706,67.1,65.80000305175781,0.005955696105957031,210.31472000000008,0.0,0.0,0.0,154.43184434962862,0.0,3.3106839656829834,-0.1480579376220703,-0.06978855282068253
66.92235134600196,67.2,65.9000015258789,0.011873960494995117,210.31472000000008,0.0,0.0,0.0,154.43184434962862,0.0,3.3106839656829834,0.0,-0.07049845904111862
67.01710380701115,67.3,65.9000015258789,0.011317968368530273,210.31472000000008,0.0,0.0,0.0,154.7570742917247,0.0,3.303732395172119,-0.06951570510864258,-0.07169445604085922
67.11747545099934,67.4,66.19999694824219,0.008632183074951172,210.31472000000008,0.0,0.0,0.0,155.08212878620986,0.0,3.30283260345459,-0.008997917175292969,-0.07859431207180023
67.21432238200214,67.5,66.30000305175781,0.011010408401489258,210.31472000000008,0.0,0.0,0.0,155.40702120888142,0.0,3.2978451251983643,-0.04987478256225586,-0.0827975794672966
67.31691080599558,67.6,66.4000015258789,0.011640787124633789,210.31472000000008,0.0,0.0,0.0,155.73197180660034,0.0,3.3030550479888916,0.05209922790527344,-0.08238320052623749
67.41689098201459,67.7,66.4000015258789,0.009952306747436523,210.31472000000008,0.0,0.0,0.0,156.05743922489376,0.0,3.302445888519287,-0.006091594696044922,-0.080827496945858
67.51614248999977,67.8,66.5,0.009660005569458008,210.31472000000008,0.0,0.0,0.0,156.38174129730174,0.0,3.28659725189209,-0.15848636627197266,-0.08586516976356506
67.61521887301933,67.9,66.69999694824219,0.009712457656860352,210.31472000000008,0.0,0.0,0.0,156.38174129730174,0.0,3.28659725189209,0.0,-0.08917494863271713
67.71649389000959,68.0,66.69999694824219,0.010772228240966797,210.31472000000008,0.0,0.0,0.0,157.03462840887892,0.0,3.2944722175598145,0.0787496566772461,-0.08335565030574799
67.81568038501428,68.1,67.0999984741211,0.011856794357299805,210.31472000000008,0.0,0.0,0.0,157.36420794006833,0.0,3.281693458557129,-0.12778759002685547,-0.09447812288999557
68.01757182899746,68.2,67.0999984741211,0.006308078765869141,210.31472000000008,0.0,0.0,0.0,158.02271057291776,0.0,3.27687668800354,-0.04816770553588867,-0.09447812288999557
68.0249884740042,68.3,67.0999984741211,0.01186370849609375,210.31472000000008,0.0,0.0,0.0,158.02271057291776,0.0,3.27687668800354,0.0,-0.09586533904075623
68.11521901300875,68.4,67.19999694824219,0.011042356491088867,210.31472000000008,0.0,0.0,0.0,158.3511071680811,0.0,3.261690855026245,-0.15185832977294922,-0.09344352036714554
68.21422250400065,68.5,67.4000015258789,0.010910511016845703,210.31472000000008,0.0,0.0,0.0,158.67840249546273,0.0,3.257510185241699,-0.041806697845458984,-0.10096319764852524
68.31454449001467,68.6,67.5,0.010872364044189453,210.31472000000008,0.0,0.0,0.0,159.00583233218347,0.0,3.2581727504730225,0.006625652313232422,-0.09921663254499435
68.4144510049955,68.7,67.5999984741211,0.011325836181640625,210.31472000000008,0.0,0.0,0.0,159.33323227793997,0.0,3.2580201625823975,-0.00152587890625,-0.0995885506272316
68.5149337729963,68.8,67.69999694824219,0.010713338851928711,210.31472000000008,0.0,0.0,0.0,159.6599577725492,0.0,3.245701313018799,-0.12318849563598633,-0.10126539319753647
68.61394105499494,68.9,67.80000305175781,0.009648561477661133,210.31472000000008,0.0,0.0,0.0,159.98558264287306,0.0,3.243587017059326,-0.021142959594726562,-0.10751482099294662
68.71581592899747,69.0,67.9000015258789,0.010395050048828125,210.31472000000008,0.0,0.0,0.0,160.304326956177,0.0,3.233328342437744,-0.10258674621582031,-0.0994250625371933
68.81687670300016,69.1,68.0,0.00962376594543457,210.31472000000008,0.0,0.0,0.0,160.62096545923285,0.0,3.2205281257629395,-0.12800216674804688,-0.10688197612762451
68.91405463599949,69.2,68.19999694824219,0.009732723236083984,210.31472000000008,0.0,0.0,0.0,160.9364940128854,0.0,3.2146034240722656,-0.05924701690673828,-0.10744933038949966
69.1146913440025,69.3,68.19999694824219,0.005465507507324219,210.31472000000008,0.0,0.0,0.0,161.5666434629837,0.0,3.194823741912842,-0.19779682159423828,-0.10744933038949966
69.12165489900508,69.4,68.19999694824219,0.011260509490966797,210.31472000000008,0.0,0.0,0.0,161.5666434629837,0.0,3.194823741912842,0.0,-0.1059148907661438
69.21717293199617,69.5,68.4000015258789,0.009335517883300781,210.31472000000008,0.0,0.0,0.0,161.8801948796244,0.0,3.181513786315918,-0.13309955596923828,-0.11078391969203949
69.31367510202108,69.6,68.4000015258789,0.011404752731323242,210.31472000000008,0.0,0.0,0.0,162.19248367455873,0.0,3.17565655708313,-0.05857229232788086,-0.1087718978524208
69.41711754302378,69.7,68.5,0.010032415390014648,210.31472000000008,0.0,0.0,0.0,162.50451218451119,0.0,3.16898512840271,-0.06671428680419922,-0.10398588329553604
69.51620715099853,69.8,68.5999984741211,0.011036872863769531,210.31472000000008,0.0,0.0,0.0,162.81553464182662,0.0,3.157125473022461,-0.11859655380249023,-0.10949838161468506
69.61684257999877,69.9,68.69999694824219,0.008764266967773438,210.31472000000008,0.0,0.0,0.0,163.12620382707516,0.0,3.1525402069091797,-0.0458526611328125,-0.110776886343956
69.71416785899783,70.0,68.80000305175781,0.009735345840454102,210.31472000000008,0.0,0.0,0.0,163.5851640919086,0.0,3.143921136856079,-0.08619070053100586,-0.1130543127655983
69.81657137500588,70.1,68.9000015258789,0.009149312973022461,210.31472000000008,0.0,0.0,0.0,163.89589219013845,0.0,3.1382737159729004,-0.05647420883178711,-0.11022069305181503
69.9152446410153,70.2,69.0999984741211,0.00964975357055664,210.31472000000008,0.0,0.0,0.0,164.20580080690058,0.0,3.1266260147094727,-0.11647701263427734,-0.11653591692447662
70.0164543960127,70.3,69.30000305175781,0.008943319320678711,210.31472000000008,0.0,0.0,0.0,164.5149078301384,0.0,3.1164321899414062,-0.10193824768066406,-0.11581549048423767
70.214957846998,70.4,69.30000305175781,0.0062448978424072266,210.31472000000008,0.0,0.0,0.0,165.13278152855722,0.0,3.106834650039673,-0.09597539901733398,-0.11581549048423767
70.22356351499911,70.5,69.30000305175781,0.0085906982421875,210.31472000000008,0.0,0.0,0.0,165.13278152855722,0.0,3.106834650039673,0.0,-0.12237284332513809
70.31502978899516,70.6,69.5,0.008862495422363281,210.31472000000008,0.0,0.0,0.0,165.4399638243872,0.0,3.094425916671753,-0.12408733367919922,-0.11833817511796951
70.4161568940035,70.7,69.5999984741211,0.008747100830078125,210.31472000000008,0.0,0.0,0.0,165.74667874405552,0.0,3.092160940170288,-0.022649765014648438,-0.12539377808570862
70.51488274001167,70.8,69.69999694824219,0.008081197738647461,210.31472000000008,0.0,0.0,0.0,166.05254659563244,0.0,3.0802905559539795,-0.11870384216308594,-0.12076195329427719
70.6146686800057,70.9,69.80000305175781,0.00795745849609375,210.31472000000008,0.0,0.0,0.0,166.35760744469022,0.0,3.0685718059539795,-0.1171875,-0.1256774365901947
70.71421314199688,71.0,69.9000015258789,0.008181095123291016,210.31472000000008,0.0,0.0,0.0,166.66474523522098,0.0,3.060237407684326,-0.0833439826965332,-0.12127663940191269
70.81513575999998,71.1,69.9000015258789,0.007819414138793945,210.31472000000008,0.0,0.0,0.0,166.97111888557782,0.0,3.0488662719726562,-0.11371135711669922,-0.12407086789608002
70.91449167500832,71.2,70.0,0.008772850036621094,210.31472000000008,0.0,0.0,0.0,167.27752248571144,0.0,3.049971580505371,0.011053085327148438,-0.12169194966554642
71.01501283500693,71.3,70.0999984741211,0.008116006851196289,210.31472000000008,0.0,0.0,0.0,167.58221100837503,0.0,3.0290963649749756,-0.20875215530395508,-0.12151679396629333
71.11469824201777,71.4,70.4000015258789,0.008328914642333984,210.31472000000008,0.0,0.0,0.0,167.88544691810193,0.0,3.0139386653900146,-0.15157699584960938,-0.12904323637485504
71.31510648500989,71.5,70.4000015258789,0.006087541580200195,210.31472000000008,0.0,0.0,0.0,168.48993638822378,0.0,2.9990622997283936,-0.14876365661621094,-0.12904323637485504
71.3244131670217,71.6,70.4000015258789,0.008705615997314453,210.31472000000008,0.0,0.0,0.0,168.48993638822378,0.0,2.9990622997283936,0.0,-0.12846028804779053
71.4141398339998,71.7,70.5,0.008790731430053711,210.31472000000008,0.0,0.0,0.0,168.7896111763173,0.0,2.9806435108184814,-0.1841878890991211,-0.1267467737197876
71.51336960701155,71.8,70.5999984741211,0.008054733276367188,210.31472000000008,0.0,0.0,0.0,169.08848389075382,0.0,2.973668336868286,-0.06975173950195312,-0.12649065256118774
71.61457465399872,71.9,70.69999694824219,0.0077610015869140625,210.31472000000008,0.0,0.0,0.0,169.38629332284708,0.0,2.9579665660858154,-0.15701770782470703,-0.12797008454799652
71.71450878801988,72.0,70.9000015258789,0.007929325103759766,210.31472000000008,0.0,0.0,0.0,169.67826930933913,0.0,2.951904535293579,-0.06062030792236328,-0.127493217587471
71.81467037001858,72.1,70.9000015258789,0.008138656616210938,210.31472000000008,0.0,0.0,0.0,169.96807388074996,0.0,2.9345169067382812,-0.17387628555297852,-0.12676319479942322
71.91521942100371,72.2,71.0999984741211,0.008379697799682617,210.31472000000008,0.0,0.0,0.0,170.2562537296608,0.0,2.9225504398345947,-0.11966466903686523,-0.12490925937891006
72.01444922000519,72.3,71.0999984741211,0.007786273956298828,210.31472000000008,0.0,0.0,0.0,170.5428844544636,0.0,2.904954433441162,-0.17596006393432617,-0.1296607255935669
72.11422797801788,72.4,71.30000305175781,0.0079498291015625,210.31472000000008,0.0,0.0,0.0,170.82877581543966,0.0,2.897859573364258,-0.07094860076904297,-0.1281169205904007
72.21512286999496,72.5,71.5,0.008305788040161133,210.31472000000008,0.0,0.0,0.0,171.11211011876026,0.0,2.8655450344085693,-0.32314538955688477,-0.1330467164516449
72.41499375901185,72.6,71.5,0.008002758026123047,210.31472000000008,0.0,0.0,0.0,171.67401747010527,0.0,2.8424196243286133,-0.23125410079956055,-0.1330467164516449
72.42696580299526,72.7,71.5,0.010393142700195312,210.31472000000008,0.0,0.0,0.0,171.67401747010527,0.0,2.8424196243286133,0.0,-0.12922245264053345
72.5153695490153,72.8,71.69999694824219,0.010856389999389648,210.31472000000008,0.0,0.0,0.0,171.9530791311603,0.0,2.8248229026794434,-0.17596721649169922,-0.1273036152124405
72.61808466701768,72.9,71.80000305175781,0.004819393157958984,210.31472000000008,0.0,0.0,0.0,172.23129846843506,0.0,2.8185205459594727,-0.06302356719970703,-0.13578273355960846
72.70810193801299,73.0,71.80000305175781,0.011868000030517578,210.31472000000008,0.0,0.0,0.0,172.50672224814377,0.0,2.799940586090088,-0.18579959869384766,-0.13353998959064484
72.81799179699738,73.1,72.0,0.010895252227783203,210.31472000000008,0.0,0.0,0.0,172.78098439632993,0.0,2.7947490215301514,-0.051915645599365234,-0.13503511250019073
72.91580251601408,73.2,72.0999984741211,0.011969327926635742,210.31472000000008,0.0,0.0,0.0,173.05462835117538,0.0,2.7857065200805664,-0.09042501449584961,-0.13543246686458588
73.01914703499642,73.3,72.19999694824219,0.010671138763427734,210.31472000000008,0.0,0.0,0.0,173.32767474488185,0.0,2.775240421295166,-0.1046609878540039,-0.14028817415237427
73.11775682499865,73.4,72.19999694824219,0.004324197769165039,210.31472000000008,0.0,0.0,0.0,173.60002591846083,0.0,2.7770206928253174,0.017802715301513672,-0.13507620990276337
73.20980708600837,73.5,72.30000305175781,0.010994195938110352,210.31472000000008,0.0,0.0,0.0,173.87258054826592,0.0,2.769333600997925,-0.07687091827392578,-0.1388648897409439
73.31755242301733,73.6,72.4000015258789,0.007646322250366211,210.31472000000008,0.0,0.0,0.0,174.14451866819553,0.0,2.7665982246398926,-0.027353763580322266,-0.1358254998922348
73.51127727801213,73.7,72.4000015258789,0.0051364898681640625,210.31472000000008,0.0,0.0,0.0,174.6857243050205,0.0,2.7428271770477295,-0.23771047592163086,-0.1358254998922348
73.51858450399595,73.8,72.69999694824219,0.0038230419158935547,210.31472000000008,0.0,0.0,0.0,174.6857243050205,0.0,2.7428271770477295,0.0,-0.13595294952392578
73.60714764602017,73.9,72.80000305175781,0.00901031494140625,210.31472000000008,0.0,0.0,0.0,174.9545872606134,0.0,2.722764253616333,-0.20062923431396484,-0.14138738811016083
73.71534160801093,74.0,72.80000305175781,0.008734941482543945,210.31472000000008,0.0,0.0,0.0,175.22248222669765,0.0,2.711599826812744,-0.11164426803588867,-0.1427394598722458
73.81389594101347,74.1,73.0,0.010554313659667969,210.31472000000008,0.0,0.0,0.0,175.49025149404443,0.0,2.708754062652588,-0.0284576416015625,-0.1370767503976822
73.91573912001331,74.2,73.0999984741211,0.00992584228515625,210.31472000000008,0.0,0.0,0.0,175.75718012857823,0.0,2.690425157546997,-0.1832890510559082,-0.14238619804382324
74.0169472109992,74.3,73.19999694824219,0.011961936950683594,210.31472000000008,0.0,0.0,0.0,176.01614692807996,0.0,2.68265438079834,-0.07770776748657227,-0.13695792853832245
74.11774901399622,74.4,73.30000305175781,0.012005805969238281,210.31472000000008,0.0,0.0,0.0,176.24546999963522,0.0,2.6656689643859863,-0.16985416412353516,-0.13864074647426605
74.21932461901451,74.5,73.4000015258789,0.011803627014160156,210.31472000000008,0.0,0.0,0.0,176.50841028141195,0.0,2.648918628692627,-0.16750335693359375,-0.13794560730457306
74.31675559701398,74.6,73.5,0.013241767883300781,210.31472000000008,0.0,0.0,0.0,176.7698431565808,0.0,2.636726140975952,-0.12192487716674805,-0.1382124423980713
74.4193462220137,74.7,73.69999694824219,0.01019597053527832,210.31472000000008,0.0,0.0,0.0,177.030117449084,0.0,2.621084451675415,-0.1564168930053711,-0.1405283659696579
74.61692662001587,74.8,73.69999694824219,0.010672807693481445,210.31472000000008,0.0,0.0,0.0,177.54477801114027,0.0,2.576789617538452,-0.4429483413696289,-0.1405283659696579
74.63126462700893,74.9,73.69999694824219,0.008109092712402344,210.31472000000008,0.0,0.0,0.0,177.54477801114027,0.0,2.576789617538452,0.0,-0.1347121298313141
74.71485586400377,75.0,73.9000015258789,0.009060859680175781,210.31472000000008,0.0,0.0,0.0,177.8015964287316,0.0,2.5610601902008057,-0.15729427337646484,-0.13583774864673615
74.81641081400448,75.1,73.9000015258789,0.009591817855834961,210.31472000000008,0.0,0.0,0.0,178.0573929853634,0.0,2.5509562492370605,-0.10103940963745117,-0.13422489166259766
74.91583741700742,75.2,74.0,0.009215116500854492,210.31472000000008,0.0,0.0,0.0,178.31180708363544,0.0,2.5310611724853516,-0.19895076751708984,-0.12989020347595215
75.01644270701217,75.3,74.0999984741211,0.007883071899414062,210.31472000000008,0.0,0.0,0.0,178.56404547806406,0.0,2.509227991104126,-0.21833181381225586,-0.13689011335372925
75.11385217102361,75.4,74.19999694824219,0.008867025375366211,210.31472000000008,0.0,0.0,0.0,178.81505138322925,0.0,2.5096399784088135,0.004119873046875,-0.1381135880947113
75.21594663799624,75.5,74.4000015258789,0.008128881454467773,210.31472000000008,0.0,0.0,0.0,179.06576925965362,0.0,2.4960319995880127,-0.1360797882080078,-0.13168516755104065
75.31469724801718,75.6,74.5,0.00619053840637207,210.31472000000008,0.0,0.0,0.0,179.31485714911295,0.0,2.4834518432617188,-0.12580156326293945,-0.14026309549808502
75.41229140001815,75.7,74.5,0.009176969528198242,210.31472000000008,0.0,0.0,0.0,179.56274457183474,0.0,2.4683499336242676,-0.15101909637451172,-0.13321952521800995
75.51667179501965,75.8,74.69999694824219,0.007962703704833984,210.31472000000008,0.0,0.0,0.0,179.8091912168814,0.0,2.4547464847564697,-0.13603448867797852,-0.133978933095932
75.71474553801818,75.9,74.69999694824219,0.006277561187744141,210.31472000000008,0.0,0.0,0.0,180.29517312713406,0.0,2.4358909130096436,-0.18855571746826172,-0.133978933095932
75.72231474801083,76.0,74.69999694824219,0.009450435638427734,210.31472000000008,0.0,0.0,0.0,180.29517312713406,0.0,2.4358909130096436,0.0,-0.1307327151298523
75.81657913999516,76.1,75.0,0.007821321487426758,210.31472000000008,0.0,0.0,0.0,180.5345753524644,0.0,2.416665554046631,-0.19225358963012695,-0.12955307960510254
75.9151594809955,76.2,75.0999984741211,0.008802652359008789,210.31472000000008,0.0,0.0,0.0,180.77157961618278,0.0,2.3893916606903076,-0.2727389335632324,-0.12594904005527496
76.01507661299547,76.3,75.19999694824219,0.008008003234863281,210.31472000000008,0.0,0.0,0.0,181.0066211282547,0.0,2.371086597442627,-0.18305063247680664,-0.1388217806816101
76.11458673901507,76.4,75.30000305175781,0.009590387344360352,210.31472000000008,0.0,0.0,0.0,181.23890327935135,0.0,2.343258857727051,-0.2782773971557617,-0.12992796301841736
76.21621795100509,76.5,75.4000015258789,0.008627653121948242,210.31472000000008,0.0,0.0,0.0,181.46966566640899,0.0,2.3305845260620117,-0.12674331665039062,-0.1260378062725067
76.31478173402138,76.6,75.5,0.009351491928100586,210.31472000000008,0.0,0.0,0.0,181.69861753481226,0.0,2.310520887374878,-0.2006363868713379,-0.13586817681789398
76.41531229301472,76.7,75.5999984741211,0.007912635803222656,210.31472000000008,0.0,0.0,0.0,181.92569616744825,0.0,2.294895648956299,-0.15625238418579102,-0.12712828814983368
76.51431176500046,76.8,75.69999694824219,0.00790858268737793,210.31472000000008,0.0,0.0,0.0,182.1516170913784,0.0,2.285966634750366,-0.08929014205932617,-0.13277196884155273
76.71564430501894,76.9,75.69999694824219,0.006629467010498047,210.31472000000008,0.0,0.0,0.0,182.59992143608446,0.0,2.269674062728882,-0.16292572021484375,-0.13277196884155273
76.72609693900449,77.0,75.9000015258789,0.008252620697021484,210.31472000000008,0.0,0.0,0.0,182.59992143608446,0.0,2.269674062728882,0.0,-0.1326058954000473
76.81487455702154,77.1,75.9000015258789,0.00840449333190918,210.31472000000008,0.0,0.0,0.0,182.82247124120101,0.0,2.2571122646331787,-0.12561798095703125,-0.14023230969905853
76.91436715301825,77.2,76.0,0.00841069221496582,210.31472000000008,0.0,0.0,0.0,183.0438643135668,0.0,2.2534074783325195,-0.0370478630065918,-0.1347205936908722
77.01511644301354,77.3,76.19999694824219,0.008385896682739258,210.31472000000008,0.0,0.0,0.0,183.26464789199005,0.0,2.2436301708221436,-0.09777307510375977,-0.13729946315288544
77.11428367102053,77.4,76.30000305175781,0.008285760879516602,210.31472000000008,0.0,0.0,0.0,183.48490359471361,0.0,2.2418673038482666,-0.01762866973876953,-0.14096175134181976
77.2149991490005,77.5,76.4000015258789,0.008949995040893555,210.31472000000008,0.0,0.0,0.0,183.70498353152843,0.0,2.232422351837158,-0.09444952011108398,-0.1318756490945816
77.31566002700129,77.6,76.4000015258789,0.008179903030395508,210.31472000000008,0.0,0.0,0.0,183.92399596148493,0.0,2.228688955307007,-0.03733396530151367,-0.13679726421833038
77.41501591799897,77.7,76.5999984741211,0.010065078735351562,210.31472000000008,0.0,0.0,0.0,184.142635612602,0.0,2.213344097137451,-0.15344858169555664,-0.13249465823173523
77.51606222501141,77.8,76.5999984741211,0.007911920547485352,210.31472000000008,0.0,0.0,0.0,184.35939091846325,0.0,2.19589900970459,-0.17445087432861328,-0.13098785281181335
77.61482451600023,77.9,76.9000015258789,0.00772857666015625,210.31472000000008,0.0,0.0,0.0,184.57420109986654,0.0,2.1737077236175537,-0.22191286087036133,-0.1334092915058136
77.81408200401347,78.0,76.9000015258789,0.006541252136230469,210.31472000000008,0.0,0.0,0.0,185.00696360802732,0.0,2.143380641937256,-0.3032708168029785,-0.1334092915058136
77.82205598600558,78.1,76.9000015258789,0.00811314582824707,210.31472000000008,0.0,0.0,0.0,185.00696360802732,0.0,2.143380641937256,0.0,-0.13021668791770935
77.91214371699607,78.2,77.0,0.00868844985961914,210.31472000000008,0.0,0.0,0.0,185.2214147279597,0.0,2.1314666271209717,-0.1191401481628418,-0.12745548784732819
78.01537662901683,78.3,77.0999984741211,0.008329391479492188,210.31472000000008,0.0,0.0,0.0,185.43412090421904,0.0,2.111372232437134,-0.2009439468383789,-0.13146886229515076
78.11480533602298,78.4,77.19999694824219,0.00793910026550293,210.31472000000008,0.0,0.0,0.0,185.67432697768967,0.0,2.0916318893432617,-0.1974034309387207,-0.12939469516277313
78.21422310700291,78.5,77.30000305175781,0.007950544357299805,210.31472000000008,0.0,0.0,0.0,185.88362173178973,0.0,2.0797152519226074,-0.11916637420654297,-0.12598958611488342
78.3141535850009,78.6,77.4000015258789,0.008051395416259766,210.31472000000008,0.0,0.0,0.0,186.09203439627805,0.0,2.0707123279571533,-0.09002923965454102,-0.12912289798259735
78.41489884600742,78.7,77.5,0.008902311325073242,210.31472000000008,0.0,0.0,0.0,186.2982963609305,0.0,2.046344518661499,-0.24367809295654297,-0.12515148520469666
78.51533543301048,78.8,77.5,0.00775146484375,210.31472000000008,0.0,0.0,0.0,186.5028852951175,0.0,2.0327839851379395,-0.1356053352355957,-0.12725287675857544
78.61504764200072,78.9,77.69999694824219,0.008676528930664062,210.31472000000008,0.0,0.0,0.0,186.5028852951175,0.0,2.0327839851379395,0.0,-0.12801051139831543
78.71430037499522,79.0,78.0,0.008360862731933594,210.31472000000008,0.0,0.0,0.0,186.9074326856159,0.0,2.012902021408081,-0.19881963729858398,-0.13329026103019714
78.91482899899711,79.1,78.0,0.007028818130493164,210.31472000000008,0.0,0.0,0.0,187.30435626764123,0.0,1.985228180885315,-0.27673840522766113,-0.13329026103019714
78.92450155501137,79.2,78.0,0.009364843368530273,210.31472000000008,0.0,0.0,0.0,187.30435626764123,0.0,1.985228180885315,0.0,-0.13375496864318848
79.01540303000365,79.3,78.0999984741211,0.00892019271850586,210.31472000000008,0.0,0.0,0.0,187.50252492491933,0.0,1.989181637763977,0.039534568786621094,-0.13328693807125092
79.11529178501223,79.4,78.30000305175781,0.008735418319702148,210.31472000000008,0.0,0.0,0.0,187.7003253355662,0.0,1.9788562059402466,-0.10325431823730469,-0.13268281519412994
79.21589974901872,79.5,78.30000305175781,0.009802818298339844,210.31472000000008,0.0,0.0,0.0,187.8971276793686,0.0,1.96965491771698,-0.09201288223266602,-0.1381750851869583
79.31702271100949,79.6,78.4000015258789,0.011354923248291016,210.31472000000008,0.0,0.0,0.0,188.09376685358524,0.0,1.9771300554275513,0.07475137710571289,-0.13841484487056732
79.41703377800877,79.7,78.5,0.00876474380493164,210.31472000000008,0.0,0.0,0.0,188.29049692077484,0.0,1.972903847694397,-0.04226207733154297,-0.1330971121788025
79.51646487700054,79.8,78.69999694824219,0.008588790893554688,210.31472000000008,0.0,0.0,0.0,188.4864194010953,0.0,1.9607293605804443,-0.12174487113952637,-0.1336050182580948
79.61557544601965,79.9,78.69999694824219,0.008516073226928711,210.31472000000008,0.0,0.0,0.0,188.68175057418063,0.0,1.9617724418640137,0.01043081283569336,-0.13682830333709717
79.71417343002395,80.0,78.80000305175781,0.008641242980957031,210.31472000000008,0.0,0.0,0.0,188.87654373259235,0.0,1.9518177509307861,-0.09954690933227539,-0.1317828744649887
79.81516679099877,80.1,79.0999984741211,0.008292198181152344,210.31472000000008,0.0,0.0,0.0,189.07003414279308,0.0,1.9362735748291016,-0.1554417610168457,-0.13559986650943756
80.01452126700315,80.2,79.0999984741211,0.006274700164794922,210.31472000000008,0.0,0.0,0.0,189.45319343371094,0.0,1.9162274599075317,-0.20046114921569824,-0.13559986650943756
80.02464863299974,80.3,79.19999694824219,0.007476806640625,210.31472000000008,0.0,0.0,0.0,189.45319343371094,0.0,1.9162274599075317,0.0,-0.13341191411018372
80.11391304302379,80.4,79.19999694824219,0.008141279220581055,210.31472000000008,0.0,0.0,0.0,189.64266110080356,0.0,1.8951356410980225,-0.21091818809509277,-0.12815378606319427
80.21380437602056,80.5,79.4000015258789,0.007539033889770508,210.31472000000008,0.0,0.0,0.0,189.8303562316935,0.0,1.8765807151794434,-0.18554925918579102,-0.13062670826911926
80.3148344590154,80.6,79.5,0.008603334426879883,210.31472000000008,0.0,0.0,0.0,190.01645531144663,0.0,1.863943099975586,-0.12637615203857422,-0.13238459825515747
80.41489295201609,80.7,79.5,0.008251667022705078,210.31472000000008,0.0,0.0,0.0,190.20099894062062,0.0,1.8453338146209717,-0.18609285354614258,-0.12586790323257446
80.51553236600012,80.8,79.5999984741211,0.008341073989868164,210.31472000000008,0.0,0.0,0.0,190.38363783798445,0.0,1.8241076469421387,-0.21226167678833008,-0.12599539756774902
80.61466391102294,80.9,79.80000305175781,0.007344961166381836,210.31472000000008,0.0,0.0,0.0,190.56462238119266,0.0,1.8117609024047852,-0.12346744537353516,-0.12882211804389954
80.71491429401794,81.0,79.9000015258789,0.008200883865356445,210.31472000000008,0.0,0.0,0.0,190.74323557660085,0.0,1.792359709739685,-0.19401192665100098,-0.1254470944404602
80.81478635102394,81.1,80.0,0.007533550262451172,210.31472000000008,0.0,0.0,0.0,190.9197550403135,0.0,1.7702882289886475,-0.22071480751037598,-0.12687672674655914
80.91386388000683,81.2,80.0,0.008218765258789062,210.31472000000008,0.0,0.0,0.0,191.09433797759374,0.0,1.755391001701355,-0.1489722728729248,-0.12811514735221863
81.11456535299658,81.3,80.0,0.0065877437591552734,210.31472000000008,0.0,0.0,0.0,191.44030060457732,0.0,1.7386287450790405,-0.16762256622314453,-0.12811514735221863
81.123256485007,81.4,80.0,0.007517576217651367,210.31472000000008,0.0,0.0,0.0,191.44030060457732,0.0,1.7386287450790405,0.0,-0.12277232110500336
81.21452224999666,81.5,80.4000015258789,0.007631063461303711,210.31472000000008,0.0,0.0,0.0,191.61214540353635,0.0,1.7297935485839844,-0.08835196495056152,-0.12528736889362335
81.31441249299678,81.6,80.4000015258789,0.010713815689086914,210.31472000000008,0.0,0.0,0.0,191.7832611603065,0.0,1.7207865715026855,-0.09006977081298828,-0.13252317905426025
81.41753232100746,81.7,80.4000015258789,0.00812220573425293,210.31472000000008,0.0,0.0,0.0,191.95369306359083,0.0,1.716340184211731,-0.0444638729095459,-0.12842890620231628
81.51491543100565,81.8,80.5999984741211,0.008498907089233398,210.31472000000008,0.0,0.0,0.0,192.1236754565146,0.0,1.7125533819198608,-0.03786802291870117,-0.12773998081684113
81.61533567300648,81.9,80.80000305175781,0.008635282516479492,210.31472000000008,0.0,0.0,0.0,192.29352437090878,0.0,1.7094696760177612,-0.030837059020996094,-0.13245607912540436
81.71498195000459,82.0,80.80000305175781,0.007304668426513672,210.31472000000008,0.0,0.0,0.0,192.46484712577714,0.0,1.7041510343551636,-0.05318641662597656,-0.13269244134426117
81.81395392099512,82.1,81.0,0.0077304840087890625,210.31472000000008,0.0,0.0,0.0,192.6365646543244,0.0,1.7027006149291992,-0.014504194259643555,-0.1344345062971115
81.91437086599763,82.2,81.0999984741211,0.007025003433227539,210.31472000000008,0.0,0.0,0.0,192.80777847404391,0.0,1.6921308040618896,-0.1056981086730957,-0.12717758119106293
82.01445015199715,82.3,81.30000305175781,0.007522106170654297,210.31472000000008,0.0,0.0,0.0,192.97777652314807,0.0,1.6820921897888184,-0.10038614273071289,-0.14065608382225037
82.2130444009963,82.4,81.30000305175781,0.0072629451751708984,210.31472000000008,0.0,0.0,0.0,193.3142134581222,0.0,1.661217212677002,-0.20874977111816406,-0.14065608382225037
82.22457742801635,82.5,81.30000305175781,0.008994579315185547,210.31472000000008,0.0,0.0,0.0,193.3142134581222,0.0,1.661217212677002,0.0,-0.13184571266174316
82.31394939200254,82.6,81.30000305175781,0.008095979690551758,210.31472000000008,0.0,0.0,0.0,193.48187933318266,0.0,1.6586817502975464,-0.025354623794555664,-0.12641984224319458
82.41536632101634,82.7,81.5,0.007433891296386719,210.31472000000008,0.0,0.0,0.0,193.6481408720441,0.0,1.640824556350708,-0.1785719394683838,-0.13391943275928497
82.51249258199823,82.8,81.5999984741211,0.00794839859008789,210.31472000000008,0.0,0.0,0.0,193.81314249337865,0.0,1.6346356868743896,-0.061888694763183594,-0.13865426182746887
82.61466730601387,82.9,81.69999694824219,0.007772922515869141,210.31472000000008,0.0,0.0,0.0,193.97736098596306,0.0,1.6278934478759766,-0.06742238998413086,-0.1353951096534729
82.71151354099857,83.0,81.9000015258789,0.0076904296875,210.31472000000008,0.0,0.0,0.0,194.14198796870298,0.0,1.6161494255065918,-0.11744022369384766,-0.13597391545772552
82.81450073802262,83.1,82.0,0.008450746536254883,210.31472000000008,0.0,0.0,0.0,194.30498872698846,0.0,1.5953686237335205,-0.2078080177307129,-0.14265523850917816
82.91459151401068,83.2,82.0,0.008085489273071289,210.31472000000008,0.0,0.0,0.0,194.4666460738912,0.0,1.5893034934997559,-0.060651302337646484,-0.1434479057788849
83.01510205000523,83.3,82.19999694824219,0.0075070858001708984,210.31472000000008,0.0,0.0,0.0,194.62779078479946,0.0,1.5846482515335083,-0.046552419662475586,-0.14417017996311188
83.11386391302221,83.4,82.4000015258789,0.007734775543212891,210.31472000000008,0.0,0.0,0.0,194.7885208986827,0.0,1.5776182413101196,-0.07030010223388672,-0.15213291347026825
83.31491325699608,83.5,82.4000015258789,0.0069446563720703125,210.31472000000008,0.0,0.0,0.0,195.10579690766554,0.0,1.5539110898971558,-0.23707151412963867,-0.15213291347026825
83.32556287600892,83.6,82.4000015258789,0.008462667465209961,210.31472000000008,0.0,0.0,0.0,195.10579690766554,0.0,1.5539110898971558,0.0,-0.14397913217544556
83.4148911840166,83.7,82.5999984741211,0.0075817108154296875,210.31472000000008,0.0,0.0,0.0,195.2630058597224,0.0,1.5476206541061401,-0.06290435791015625,-0.15035076439380646
83.51485731999855,83.8,82.69999694824219,0.009032726287841797,210.31472000000008,0.0,0.0,0.0,195.4198586896288,0.0,1.5406283140182495,-0.06992340087890625,-0.15243437886238098
83.6163878130028,83.9,82.80000305175781,0.00863027572631836,210.31472000000008,0.0,0.0,0.0,195.57583367502372,0.0,1.536523461341858,-0.041048526763916016,-0.15223559737205505
83.71611567100626,84.0,82.9000015258789,0.008739948272705078,210.31472000000008,0.0,0.0,0.0,195.72974617580533,0.0,1.5288801193237305,-0.07643342018127441,-0.14836330711841583
83.81614741700469,84.1,83.0,0.008109092712402344,210.31472000000008,0.0,0.0,0.0,195.88240399266317,0.0,1.5221251249313354,-0.0675499439239502,-0.15759149193763733
83.91502077502082,84.2,83.0999984741211,0.009105205535888672,210.31472000000008,0.0,0.0,0.0,196.03401319380995,0.0,1.5102990865707397,-0.11826038360595703,-0.15808385610580444
84.01624305499718,84.3,83.19999694824219,0.009293794631958008,210.31472000000008,0.0,0.0,0.0,196.18486788616272,0.0,1.5070801973342896,-0.03218889236450195,-0.15636472404003143
84.11594688802143,84.4,83.30000305175781,0.009822845458984375,210.31472000000008,0.0,0.0,0.0,196.33578334080158,0.0,1.503104567527771,-0.03975629806518555,-0.16771212220191956
84.21630616401671,84.5,83.5,0.010935544967651367,210.31472000000008,0.0,0.0,0.0,196.48565219936606,0.0,1.4974925518035889,-0.05612015724182129,-0.17498014867305756
84.41789913902176,84.6,83.5,0.010602474212646484,210.31472000000008,0.0,0.0,0.0,196.78599886957232,0.0,1.506665825843811,0.09173274040222168,-0.17498014867305756
84.43131708301371,84.7,83.5999984741211,0.008913755416870117,210.31472000000008,0.0,0.0,0.0,196.78599886957232,0.0,1.506665825843811,0.0,-0.17038612067699432
84.51590753800701,84.8,83.5999984741211,0.011603593826293945,210.31472000000008,0.0,0.0,0.0,196.936251503722,0.0,1.5023795366287231,-0.042862892150878906,-0.16468940675258636
84.61837487999583,84.9,83.80000305175781,0.011719465255737305,210.31472000000008,0.0,0.0,0.0,197.08570806666134,0.0,1.4866235256195068,-0.15756011009216309,-0.17247426509857178
84.71848268801114,85.0,83.80000305175781,0.010798454284667969,210.31472000000008,0.0,0.0,0.0,197.2331822650109,0.0,1.484539270401001,-0.020842552185058594,-0.17410637438297272
84.81680475501344,85.1,84.0,0.01209878921508789,210.31472000000008,0.0,0.0,0.0,197.38092014916788,0.0,1.4890049695968628,0.044656991958618164,-0.17369289696216583
84.9185152760183,85.2,84.0999984741211,0.014878988265991211,210.31472000000008,0.0,0.0,0.0,197.52849835747065,0.0,1.4819027185440063,-0.07102251052856445,-0.18365634977817535
85.02053950799746,85.3,84.19999694824219,0.011702299118041992,210.31472000000008,0.0,0.0,0.0,197.67534473126372,0.0,1.477974772453308,-0.03927946090698242,-0.18581363558769226
85.11818856399623,85.4,84.19999694824219,0.012659549713134766,210.31472000000008,0.0,0.0,0.0,197.82186596887456,0.0,1.4773756265640259,-0.005991458892822266,-0.18606233596801758
85.21933216499747,85.5,84.30000305175781,0.010767459869384766,210.31472000000008,0.0,0.0,0.0,197.9689658476948,0.0,1.4843356609344482,0.06960034370422363,-0.1995561718940735
85.31743355101207,85.6,84.5,0.014185905456542969,210.31472000000008,0.0,0.0,0.0,198.1162563550322,0.0,1.4831006526947021,-0.012350082397460938,-0.19709132611751556
85.52015034601209,85.7,84.5,0.00914621353149414,210.31472000000008,0.0,0.0,0.0,198.41026026720496,0.0,1.4744511842727661,-0.08649468421936035,-0.19709132611751556
85.53337592500611,85.8,84.5,0.013859987258911133,210.31472000000008,0.0,0.0,0.0,198.41026026720496,0.0,1.4744511842727661,0.0,-0.1918947994709015
85.62066993000917,85.9,84.69999694824219,0.014003992080688477,210.31472000000008,0.0,0.0,0.0,198.41026026720496,0.0,1.4744511842727661,0.0,-0.21440741419792175
85.72066083701793,86.0,84.69999694824219,0.012679100036621094,210.31472000000008,0.0,0.0,0.0,198.70475067067005,0.0,1.4719579219818115,-0.0249326229095459,-0.18646948039531708
85.8157867139962,86.1,84.80000305175781,0.011837005615234375,210.31472000000008,0.0,0.0,0.0,198.8534074774949,0.0,1.4613840579986572,-0.10573863983154297,-0.20594437420368195
85.91557860199828,86.2,85.0,0.006783246994018555,210.31472000000008,0.0,0.0,0.0,199.0022251098748,0.0,1.4594621658325195,-0.019218921661376953,-0.22008655965328217
86.01011929402011,86.3,85.0,0.014493227005004883,210.31472000000008,0.0,0.0,0.0,199.15026580696804,0.0,1.4566513299942017,-0.02810835838317871,-0.22071939706802368
86.1213574190042,86.4,85.0999984741211,0.014120340347290039,210.31472000000008,0.0,0.0,0.0,199.298070736133,0.0,1.4570170640945435,0.0036573410034179688,-0.21094313263893127
86.22087125101825,86.5,85.30000305175781,0.01502370834350586,210.31472000000008,0.0,0.0,0.0,199.4455332249865,0.0,1.451683759689331,-0.05333304405212402,-0.2430649697780609
86.32056166100665,86.6,85.30000305175781,0.01636052131652832,210.31472000000008,0.0,0.0,0.0,199.5932027572335,0.0,1.453149437904358,0.014656782150268555,-0.247199147939682
86.4228897440189,86.7,85.5,0.014976024627685547,210.31472000000008,0.0,0.0,0.0,199.74109849677413,0.0,1.4634114503860474,0.10262012481689453,-0.23969878256320953
86.62098957100534,86.8,85.5,0.0074045658111572266,210.31472000000008,0.0,0.0,0.0,199.87128946762692,0.0,1.46391761302948,0.005061626434326172,-0.23969878256320953
86.63139885000419,86.9,85.5999984741211,0.01488351821899414,210.31472000000008,0.0,0.0,0.0,199.87128946762692,0.0,1.46391761302948,0.0,-0.26094627380371094
86.72200409101788,87.0,85.80000305175781,0.013952493667602539,210.31472000000008,0.0,0.0,0.0,199.9555501019527,0.0,1.474199652671814,0.10282039642333984,-0.27274513244628906
86.81919897001353,87.1,85.9000015258789,0.016021013259887695,210.31472000000008,0.0,0.0,0.0,200.10112532652408,0.0,1.4753997325897217,0.012000799179077148,-0.2702542543411255
86.92243300599512,87.2,85.9000015258789,0.015969038009643555,210.31472000000008,0.0,0.0,0.0,200.2459987024791,0.0,1.4690712690353394,-0.06328463554382324,-0.2520911991596222
87.02216862302157,87.3,86.0999984741211,0.01818537712097168,210.31472000000008,0.0,0.0,0.0,200.39043950964395,0.0,1.4650927782058716,-0.039784908294677734,-0.2548541724681854
87.12431194199598,87.4,86.19999694824219,0.017021894454956055,210.31472000000008,0.0,0.0,0.0,200.53385047581486,0.0,1.4445302486419678,-0.20562529563903809,-0.23487593233585358
87.22270080001908,87.5,86.19999694824219,0.016607999801635742,210.31472000000008,0.0,0.0,0.0,200.6746826105959,0.0,1.4099234342575073,-0.3460681438446045,-0.22494758665561676
87.32202673499705,87.6,86.4000015258789,0.016410350799560547,210.31472000000008,0.0,0.0,0.0,200.81158666016503,0.0,1.3690369129180908,-0.40886521339416504,-0.23224137723445892
87.42292123200605,87.7,86.5,0.016198396682739258,210.31472000000008,0.0,0.0,0.0,200.94497845617553,0.0,1.3362605571746826,-0.32776355743408203,-0.21865323185920715
87.52107773700845,87.8,86.5999984741211,0.016703128814697266,210.31472000000008,0.0,0.0,0.0,201.0747855470356,0.0,1.302159309387207,-0.34101247787475586,-0.213401660323143
87.72312107801554,87.9,86.5999984741211,0.004453420639038086,210.31472000000008,0.0,0.0,0.0,201.3256963680628,0.0,1.2340904474258423,-0.6806886196136475,-0.213401660323143
87.72811368401744,88.0,86.69999694824219,0.014302492141723633,210.31472000000008,0.0,0.0,0.0,201.3256963680628,0.0,1.2340904474258423,0.0,-0.20080241560935974
87.82057890499709,88.1,86.69999694824219,0.012363433837890625,210.31472000000008,0.0,0.0,0.0,201.44704753507628,0.0,1.1959879398345947,-0.3810250759124756,-0.18919098377227783
87.91884302400285,88.2,86.9000015258789,0.016561031341552734,210.31472000000008,0.0,0.0,0.0,201.56539873305545,0.0,1.1656392812728882,-0.30348658561706543,-0.18865515291690826
88.02203367400216,88.3,87.0,0.012421846389770508,210.31472000000008,0.0,0.0,0.0,201.68037226580446,0.0,1.1304680109024048,-0.351712703704834,-0.19669727981090546
88.11923294601729,88.4,87.19999694824219,0.012367010116577148,210.31472000000008,0.0,0.0,0.0,201.7925418767628,0.0,1.1058777570724487,-0.24590253829956055,-0.18513695895671844
88.21829608100234,88.5,87.19999694824219,0.011819124221801758,210.31472000000008,0.0,0.0,0.0,201.901776064424,0.0,1.0770106315612793,-0.28867125511169434,-0.18573959171772003
88.319391232013,88.6,87.30000305175781,0.017156124114990234,210.31472000000008,0.0,0.0,0.0,202.00849025395476,0.0,1.0542854070663452,-0.22725224494934082,-0.1763480007648468
88.42380273900926,88.7,87.4000015258789,0.011952877044677734,210.31472000000008,0.0,0.0,0.0,202.11299733376404,0.0,1.0321215391159058,-0.22163867950439453,-0.18271663784980774
88.5182473140012,88.8,87.5999984741211,0.011994600296020508,210.31472000000008,0.0,0.0,0.0,202.2157431546429,0.0,1.013657808303833,-0.18463730812072754,-0.2013513296842575
88.6181889330037,88.9,87.69999694824219,0.01618671417236328,210.31472000000008,0.0,0.0,0.0,202.2157431546429,0.0,1.013657808303833,0.0,-0.194038987159729
88.82301575801102,89.0,87.80000305175781,0.009594202041625977,210.31472000000008,0.0,0.0,0.0,202.5174326403738,0.0,0.9668849110603333,-0.46772897243499756,-0.20501390099525452
88.83638150501065,89.1,87.80000305175781,0.015770435333251953,210.31472000000008,0.0,0.0,0.0,202.5174326403738,0.0,0.9668849110603333,0.0,-0.19440962374210358
88.92250489300932,89.2,88.0,0.01298975944519043,210.31472000000008,0.0,0.0,0.0,202.61557880861184,0.0,0.947478711605072,-0.1940619945526123,-0.20939035713672638
89.01868739401107,89.3,88.0,0.010545492172241211,210.31472000000008,0.0,0.0,0.0,202.7119493423252,0.0,0.9326406121253967,-0.14838099479675293,-0.1993013620376587
89.11751971300691,89.4,88.0999984741211,0.013205766677856445,210.31472000000008,0.0,0.0,0.0,202.8070289984363,0.0,0.9146333336830139,-0.18007278442382812,-0.20997168123722076
89.21929636001005,89.5,88.30000305175781,0.012561559677124023,210.31472000000008,0.0,0.0,0.0,202.90046626302507,0.0,0.903113067150116,-0.11520266532897949,-0.2131381779909134
89.31990030701854,89.6,88.4000015258789,0.013384342193603516,210.31472000000008,0.0,0.0,0.0,202.99255739569122,0.0,0.8862807750701904,-0.16832292079925537,-0.21234004199504852
89.41955754201626,89.7,88.4000015258789,0.013008594512939453,210.31472000000008,0.0,0.0,0.0,203.08271393075265,0.0,0.8714998364448547,-0.14780938625335693,-0.1967107504606247
89.51983285901952,89.8,88.5999984741211,0.013718366622924805,210.31472000000008,0.0,0.0,0.0,203.17136623021062,0.0,0.8499144315719604,-0.21585404872894287,-0.22805160284042358
89.61642052701791,89.9,88.69999694824219,0.008382320404052734,210.31472000000008,0.0,0.0,0.0,203.17136623021062,0.0,0.8499144315719604,0.0,-0.20199449360370636
89.71133632701822,90.0,88.80000305175781,0.013022661209106445,210.31472000000008,0.0,0.0,0.0,203.339927783375,0.0,0.8176144361495972,-0.3229999542236328,-0.20753847062587738
89.91878394800005,90.1,88.80000305175781,0.006795406341552734,210.31472000000008,0.0,0.0,0.0,203.49530824235822,0.0,0.7818189859390259,-0.3579545021057129,-0.20753847062587738
89.92799159401329,90.2,88.80000305175781,0.014075279235839844,210.31472000000008,0.0,0.0,0.0,203.49530824235822,0.0,0.7818189859390259,0.0,-0.18072140216827393
90.01825029801694,90.3,88.9000015258789,0.005812168121337891,210.31472000000008,0.0,0.0,0.0,203.57013251597579,0.0,0.7587788701057434,-0.2304011583328247,-0.18189767003059387
90.10883918701438,90.4,89.19999694824219,0.005509614944458008,210.31472000000008,0.0,0.0,0.0,203.64287937385419,0.0,0.7357237935066223,-0.23055076599121094,-0.20706036686897278
90.20891816201038,90.5,89.30000305175781,0.005326509475708008,210.31472000000008,0.0,0.0,0.0,203.71350310585444,0.0,0.7130367755889893,-0.22687017917633057,-0.22363507747650146
90.30818542701309,90.6,89.30000305175781,0.012435674667358398,210.31472000000008,0.0,0.0,0.0,203.78212893563807,0.0,0.7008455395698547,-0.12191236019134521,-0.1994539499282837
90.41746361300466,90.7,89.5,0.013019323348999023,210.31472000000008,0.0,0.0,0.0,203.84890861991758,0.0,0.6800137162208557,-0.20831823348999023,-0.2112099826335907
90.5198389190191,90.8,89.5,0.012557744979858398,210.31472000000008,0.0,0.0,0.0,203.91359276163223,0.0,0.6600039005279541,-0.2000981569290161,-0.20995880663394928
90.61867692900705,90.9,89.5999984741211,0.013802051544189453,210.31472000000008,0.0,0.0,0.0,203.91359276163223,0.0,0.6600039005279541,0.0,-0.20352333784103394
90.7210199550027,91.0,89.69999694824219,0.013148307800292969,210.31472000000008,0.0,0.0,0.0,204.03529599864768,0.0,0.6267027258872986,-0.3330117464065552,-0.19406205415725708
90.8186107200163,91.1,89.9000015258789,0.012435674667358398,210.31472000000008,0.0,0.0,0.0,204.09141201486867,0.0,0.6072032451629639,-0.19499480724334717,-0.1906203031539917
91.01793792101671,91.2,89.9000015258789,0.007815361022949219,210.31472000000008,0.0,0.0,0.0,204.19807378929505,0.0,0.5724957585334778,-0.34707486629486084,-0.1906203031539917
91.02819079800975,91.3,90.0,0.01271820068359375,210.31472000000008,0.0,0.0,0.0,204.19807378929505,0.0,0.5724957585334778,0.0,-0.22714200615882874
91.11918573101866,91.4,90.0,0.012788772583007812,210.31472000000008,0.0,0.0,0.0,204.24862967149252,0.0,0.5559619069099426,-0.16533851623535156,-0.19884423911571503
91.21805076801684,91.5,90.19999694824219,0.01347041130065918,210.31472000000008,0.0,0.0,0.0,204.29782497085966,0.0,0.5366082191467285,-0.1935368776321411,-0.21063484251499176
91.32023274799576,91.6,90.4000015258789,0.013370513916015625,210.31472000000008,0.0,0.0,0.0,204.3447747506178,0.0,0.516867458820343,-0.19740760326385498,-0.2319658398628235
91.41879202701966,91.7,90.5,0.014816045761108398,210.31472000000008,0.0,0.0,0.0,204.39041619654756,0.0,0.5036711096763611,-0.13196349143981934,-0.2217061072587967
91.52086923201568,91.8,90.5999984741211,0.01299738883972168,210.31472000000008,0.0,0.0,0.0,204.43411557748698,0.0,0.48611411452293396,-0.17556995153427124,-0.22155465185642242
91.61876194400247,91.9,90.69999694824219,0.01331019401550293,210.31472000000008,0.0,0.0,0.0,204.43411557748698,0.0,0.48611411452293396,0.0,-0.21913762390613556
91.72056027600775,92.0,90.80000305175781,0.013406038284301758,210.31472000000008,0.0,0.0,0.0,204.52092182945162,0.0,0.4479316174983978,-0.38182497024536133,-0.22067467868328094
91.81885078499909,92.1,90.9000015258789,0.014116525650024414,210.31472000000008,0.0,0.0,0.0,204.56486590087366,0.0,0.42848116159439087,-0.19450455904006958,-0.20534010231494904
91.92032652601483,92.2,91.0,0.013246536254882812,210.31472000000008,0.0,0.0,0.0,204.60680548272663,0.0,0.408155232667923,-0.20325928926467896,-0.19927048683166504
92.11847275900072,92.3,91.0,0.009582281112670898,210.31472000000008,0.0,0.0,0.0,204.68459611285806,0.0,0.36673545837402344,-0.41419774293899536,-0.19927048683166504
92.13108509901213,92.4,91.0999984741211,0.01293635368347168,210.31472000000008,0.0,0.0,0.0,204.68459611285806,0.0,0.36673545837402344,0.0,-0.20018522441387177
92.21851332701044,92.5,91.30000305175781,0.014552593231201172,210.31472000000008,0.0,0.0,0.0,204.72055491412834,0.0,0.3494892120361328,-0.17246246337890625,-0.20963533222675323
92.32047956401948,92.6,91.30000305175781,0.013703107833862305,210.31472000000008,0.0,0.0,0.0,204.75476725815113,0.0,0.3325852155685425,-0.16903996467590332,-0.19301585853099823
92.41983959102072,92.7,91.5,0.014845609664916992,210.31472000000008,0.0,0.0,0.0,204.7872196854746,0.0,0.3145420253276825,-0.18043190240859985,-0.18187597393989563
92.52211170300143,92.8,91.5999984741211,0.01296687126159668,210.31472000000008,0.0,0.0,0.0,204.81787081597045,0.0,0.2930110692977905,-0.21530956029891968,-0.20362550020217896
92.61854112200672,92.9,91.69999694824219,0.013227462768554688,210.31472000000008,0.0,0.0,0.0,204.81787081597045,0.0,0.2930110692977905,0.0,-0.17628271877765656
92.71992793600657,93.0,91.69999694824219,0.013358116149902344,210.31472000000008,0.0,0.0,0.0,204.8698491505268,0.0,0.26150181889533997,-0.3150925040245056,-0.16978256404399872
92.8198771919997,93.1,91.80000305175781,0.012821435928344727,210.31472000000008,0.0,0.0,0.0,204.89035528675595,0.0,0.24356122314929962,-0.17940595746040344,-0.164686381816864
92.92012082700967,93.2,91.9000015258789,0.0057828426361083984,210.31472000000008,0.0,0.0,0.0,204.90883886746008,0.0,0.22412019968032837,-0.19441023468971252,-0.16687218844890594
93.00920806801878,93.3,92.0999984741211,0.013798952102661133,210.31472000000008,0.0,0.0,0.0,204.92614292003154,0.0,0.21166765689849854,-0.12452542781829834,-0.16515210270881653
93.2196621420153,93.4,92.0999984741211,0.007576465606689453,210.31472000000008,0.0,0.0,0.0,204.95541283901846,0.0,0.17892800271511078,-0.32739654183387756,-0.16515210270881653
93.23066651701811,93.5,92.19999694824219,0.013948678970336914,210.31472000000008,0.0,0.0,0.0,204.95541283901846,0.0,0.17892800271511078,0.0,-0.15656425058841705
93.32045069799642,93.6,92.19999694824219,0.01454782485961914,210.31472000000008,0.0,0.0,0.0,204.96763143382776,0.0,0.16403497755527496,-0.14893025159835815,-0.13916398584842682
93.42153501301073,93.7,92.4000015258789,0.013680458068847656,210.31472000000008,0.0,0.0,0.0,204.97867573737219,0.0,0.14769543707370758,-0.16339540481567383,-0.13603389263153076
93.52088172201184,93.8,92.5,0.013954877853393555,210.31472000000008,0.0,0.0,0.0,204.98777361909163,0.0,0.13048140704631805,-0.17214030027389526,-0.1411203145980835
93.61964054900454,93.9,92.5999984741211,0.013281106948852539,210.31472000000008,0.0,0.0,0.0,204.98777361909163,0.0,0.13048140704631805,0.0,-0.15352486073970795
93.71984591401997,94.0,92.69999694824219,0.011192798614501953,210.31472000000008,0.0,0.0,0.0,205.0078118830672,0.0,0.10202549397945404,-0.28455913066864014,-0.12966084480285645
93.81678519499837,94.1,92.80000305175781,0.013185739517211914,210.31472000000008,0.0,0.0,0.0,205.01993120951846,0.0,0.08898979425430298,-0.13035699725151062,-0.13002708554267883
93.92055902600987,94.2,93.0,0.013663530349731445,210.31472000000008,0.0,0.0,0.0,205.03101423864817,0.0,0.07861143350601196,-0.10378360748291016,0.17934317886829376
94.020627838996,94.3,93.0,0.009312868118286133,210.31472000000008,0.0,0.0,0.0,205.04013300490567,0.0,0.03959228843450546,-0.390191450715065,0.1085372269153595
94.1171412570111,94.4,93.19999694824219,0.013913154602050781,210.31472000000008,0.0,0.0,0.0,205.04261952257218,0.0,0.04829346016049385,0.08701171725988388,-0.16431361436843872
94.32043754600454,94.5,93.19999694824219,0.009821176528930664,210.31472000000008,0.0,0.0,0.0,205.03656765119925,0.0,0.04735545814037323,-0.009380020201206207,-0.16431361436843872
94.333635100018,94.6,93.30000305175781,0.014174222946166992,210.31472000000008,0.0,0.0,0.0,205.03656765119925,0.0,0.04735545814037323,0.0,-0.18230599164962769
94.42064548801864,94.7,93.30000305175781,0.010684728622436523,210.31472000000008,0.0,0.0,0.0,205.03732025286445,0.0,0.004635443910956383,-0.4272001422941685,-0.09214127063751221
94.51769022402004,94.8,93.5,0.011719942092895508,210.31472000000008,0.0,0.0,0.0,205.04164824453434,0.0,0.016707465052604675,0.12072021141648293,-0.044787678867578506
94.61688183801016,94.9,93.69999694824219,0.014827728271484375,210.31472000000008,0.0,0.0,0.0,205.04164824453434,0.0,0.016707465052604675,0.0,-0.1260901242494583
