Realtime [sec],Sim Time [sec],Sim Time from MPC [sec],MPC runtime,v0_dist [m],v0_lane [-],v0_spd [m/s],v0_acc [m/s2],v1_dist [m],v1_lane [-],v1_spd [m/s],v1_acc [m/s2],v1_accCmd [m/s2]
0.005870646000403212,0.2,nan,0.003345489501953125,20.0,-76146229#1_0,0.0,0.0,0.0,-76146229#1_0,0.0,0.0,nan
0.10457091300122556,0.3,0.20000000298023224,0.003271818161010742,20.0,-76146229#1_0,0.0,0.0,0.0,-76146229#1_0,0.0,0.0,0.09435022622346878
0.20645409600001585,0.4,0.30000001192092896,0.005079984664916992,20.0,-76146229#1_0,0.0,0.0,0.0009130667053884075,-76146229#1_0,0.009130667053884075,0.09130667053884074,0.09435022622346878
0.3136415910012147,0.5,0.4000000059604645,0.008698701858520508,20.0,-76146229#1_0,0.0,0.0,0.0027392001161652226,-76146229#1_0,0.01826133410776815,0.09130667053884074,0.08981119096279144
0.40485050000097544,0.6,0.5,0.0033299922943115234,20.0,-76146229#1_0,0.0,0.0,0.00543447408464647,-76146229#1_0,0.02695273968481248,0.08691405577044331,0.08857729285955429
0.5147628970007645,0.7,0.6000000238418579,0.009725809097290039,20.0,-76146229#1_0,0.0,0.0,0.008986947661445987,-76146229#1_0,0.035524735767995155,0.08571996083182674,0.08755548298358917
0.61425339500056,0.8,0.699999988079071,0.009182453155517578,20.0,-76146229#1_0,0.0,0.0,0.01338673236389314,-76146229#1_0,0.04399784702447153,0.08473111256476373,0.08642777055501938
0.7104136390007625,0.9,0.800000011920929,0.006296634674072266,20.0,-76146229#1_0,0.0,0.0,0.018622914845904996,-76146229#1_0,0.052361824820118565,0.08363977795647036,0.0853000283241272
0.8110330200015596,1.0,0.8999999761581421,0.007865667343139648,20.0,-76146229#1_0,0.0,0.0,0.02468458147298905,-76146229#1_0,0.06061666627084055,0.08254841450721986,0.08418486267328262
0.91013859800114,1.1,1.0,0.007845163345336914,20.0,-76146229#1_0,0.0,0.0,0.03156094031949197,-76146229#1_0,0.0687635884650292,0.08146922194188645,0.08307863026857376
1.0047082690016396,1.2,1.100000023841858,0.003421306610107422,20.0,-76146229#1_0,0.0,0.0,0.03924128591052947,-76146229#1_0,0.07680345591037505,0.0803986744534585,0.08198080211877823
1.1106650960009574,1.3,1.2000000476837158,0.006226778030395508,20.0,-76146229#1_0,0.0,0.0,0.04771499410271644,-76146229#1_0,0.08473708192186971,0.07933626011494666,0.08089146763086319
1.2222751970002719,1.4,1.2999999523162842,0.007242918014526367,20.0,-76146229#1_0,0.0,0.0,0.05697152294939564,-76146229#1_0,0.09256528846679196,0.0782820654492225,0.07981060445308685
1.3115778860010323,1.5,1.399999976158142,0.007406949996948242,20.0,-76146229#1_0,0.0,0.0,0.06700041248433052,-76146229#1_0,0.10028889534934875,0.07723606882556786,0.07873816788196564
1.4115002680009638,1.6,1.5,0.00793004035949707,20.0,-76146229#1_0,0.0,0.0,0.07779128428909086,-76146229#1_0,0.10790871804760349,0.07619822698254744,0.07767412811517715
1.511839395001516,1.7,1.600000023841858,0.007577180862426758,20.0,-76146229#1_0,0.0,0.0,0.08933384120464324,-76146229#1_0,0.11542556915552386,0.07516851107920372,0.07661844789981842
1.6116036600014922,1.8,1.7000000476837158,0.00736236572265625,20.0,-76146229#1_0,0.0,0.0,0.10161786697083904,-76146229#1_0,0.1228402576619579,0.07414688506434036,0.07557108998298645
1.7100882810009352,1.9,1.7999999523162842,0.0058248043060302734,20.0,-76146229#1_0,0.0,0.0,0.11463322586590244,-76146229#1_0,0.130153588950634,0.07313331288676103,0.07453201711177826
1.8118699550013844,2.0,1.899999976158142,0.008188486099243164,20.0,-76146229#1_0,0.0,0.0,0.12836986234591852,-76146229#1_0,0.13736636480016093,0.07212775849526926,0.07350119203329086
1.9120637250016443,2.1,2.0,0.007901191711425781,20.0,-76146229#1_0,0.0,0.0,0.1428178006843213,-76146229#1_0,0.1444793833840278,0.0711301858386687,0.07247857749462128
2.011046649000491,2.2,2.0999999046325684,0.007228851318359375,20.0,-76146229#1_0,0.0,0.0,0.1579671446113817,-76146229#1_0,0.15149343927060405,0.07014055886576248,0.07146413624286652
2.110306558000957,2.3,2.200000047683716,0.006115913391113281,20.0,-76146229#1_0,0.0,0.0,0.17380807695369566,-76146229#1_0,0.15840932342313951,0.06915884152535468,0.0704578310251236
2.208560781000415,2.4,2.299999952316284,0.004419088363647461,20.0,-76146229#1_0,0.0,0.0,0.1903308592736721,-76146229#1_0,0.16522782319976437,0.06818499776624853,0.06945962458848953
2.31103932500082,2.5,2.4000000953674316,0.0074961185455322266,20.0,-76146229#1_0,0.0,0.0,0.207525831509021,-76146229#1_0,0.17194972235348915,0.06721899153724786,0.06846948713064194
2.4119085430011182,2.6,2.5,0.006826639175415039,20.0,-76146229#1_0,0.0,0.0,0.2253834116843439,-76146229#1_0,0.1785758017532287,0.06626079399739554,0.06748736649751663
2.5116784970014123,2.7,2.5999999046325684,0.007803916931152344,20.0,-76146229#1_0,0.0,0.0,0.24389409540641693,-76146229#1_0,0.18510683722073032,0.06531035467501611,0.06651324033737183
2.6046533920016373,2.8,2.700000047683716,0.003340482711791992,20.0,-76146229#1_0,0.0,0.0,0.26304845564788387,-76146229#1_0,0.19154360241466953,0.06436765193939209,0.06554705649614334
2.716439719000846,2.9,2.799999952316284,0.014856576919555664,20.0,-76146229#1_0,0.0,0.0,0.2828371422425393,-76146229#1_0,0.19788686594655436,0.0634326353188483,0.06458879262208939
2.8092575460013904,3.0,2.9000000953674316,0.0067026615142822266,20.0,-76146229#1_0,0.0,0.0,0.3032508816690214,-76146229#1_0,0.20413739426482108,0.06250528318266724,0.06363840401172638
2.9063860350015602,3.1,3.0,0.004575014114379883,20.0,-76146229#1_0,0.0,0.0,0.32428047661819764,-76146229#1_0,0.21029594949176234,0.061585552269412536,0.06269584596157074
3.0048108470000443,3.2,3.0999999046325684,0.0035004615783691406,20.0,-76146229#1_0,0.0,0.0,0.3459168055605504,-76146229#1_0,0.21636328942352726,0.0606733993176492,0.061761099845170975
3.106253795000157,3.3,3.200000047683716,0.0034699440002441406,20.0,-76146229#1_0,0.0,0.0,0.3681508225659209,-76146229#1_0,0.2223401700537051,0.05976880630177844,0.06083410978317261
3.2098054150010285,3.4,3.299999952316284,0.006219625473022461,20.0,-76146229#1_0,0.0,0.0,0.3909735567627415,-76146229#1_0,0.22822734196820568,0.05887171914500583,0.05991484597325325
3.3069066550015123,3.5,3.4000000953674316,0.0037860870361328125,20.0,-76146229#1_0,0.0,0.0,0.41437611204962577,-76146229#1_0,0.2340255528688431,0.05798210900637424,0.05900327116250992
3.4093578080010047,3.6,3.5,0.005625247955322266,20.0,-76146229#1_0,0.0,0.0,0.4383496667348569,-76146229#1_0,0.2397355468523118,0.05709993983468692,0.05809934437274933
3.514818568000919,3.7,3.5999999046325684,0.010217905044555664,20.0,-76146229#1_0,0.0,0.0,0.46288547313982437,-76146229#1_0,0.24535806404967464,0.05622517197362842,0.057203035801649094
3.61775538800066,3.8,3.700000047683716,0.011397600173950195,20.0,-76146229#1_0,0.0,0.0,0.48797485731061424,-76146229#1_0,0.25089384170789875,0.05535777658224106,0.05631429702043533
3.7047661030010204,3.9,3.799999952316284,0.003336668014526367,20.0,-76146229#1_0,0.0,0.0,0.5136092185493438,-76146229#1_0,0.2563436123872957,0.05449770679396948,0.05543309822678566
3.8131710910001857,4.0,3.9000000953674316,0.007422208786010742,20.0,-76146229#1_0,0.0,0.0,0.539780029125752,-76146229#1_0,0.2617081057640814,0.05364493376785684,0.05455939471721649
3.9139545310008543,4.1,4.0,0.009716510772705078,20.0,-76146229#1_0,0.0,0.0,0.5664788338445848,-76146229#1_0,0.26698804718832814,0.05279941424246759,0.05369315296411514
4.011291578000964,4.2,4.099999904632568,0.007237911224365234,20.0,-76146229#1_0,0.0,0.0,0.5936972497211348,-76146229#1_0,0.27218415876550056,0.05196111577172424,0.05283433943986893
4.112125336001554,4.3,4.199999809265137,0.007449150085449219,20.0,-76146229#1_0,0.0,0.0,0.6214269656567804,-76146229#1_0,0.2772971593564556,0.05113000590955041,0.05198290944099426
4.212862782000229,4.4,4.300000190734863,0.007845640182495117,20.0,-76146229#1_0,0.0,0.0,0.649659742006371,-76146229#1_0,0.28232776349590666,0.05030604139451056,0.051138825714588165
4.31314235300124,4.5,4.400000095367432,0.0076024532318115234,20.0,-76146229#1_0,0.0,0.0,0.6783874102177158,-76146229#1_0,0.2872766821134474,0.04948918617540765,0.05030205473303795
4.4109028480015695,4.6,4.5,0.007165431976318359,20.0,-76146229#1_0,0.0,0.0,0.7076018725071221,-76146229#1_0,0.292144622894064,0.048679407806165864,0.04947255924344063
4.513022008000917,4.7,4.599999904632568,0.007604360580444336,20.0,-76146229#1_0,0.0,0.0,0.7372951014988844,-76146229#1_0,0.29693228991762277,0.047876670235587615,0.04865029826760292
4.613648763001038,4.8,4.699999809265137,0.007825136184692383,20.0,-76146229#1_0,0.0,0.0,0.7674591398287203,-76146229#1_0,0.3016403832983585,0.04708093380735745,0.04783523455262184
4.709239358000559,4.9,4.800000190734863,0.00476384162902832,20.0,-76146229#1_0,0.0,0.0,0.798086099783259,-76146229#1_0,0.30626959954538646,0.04629216247027945,0.04702732712030411
4.807950672000516,5.0,4.900000095367432,0.006239175796508789,20.0,-76146229#1_0,0.0,0.0,0.829168162903478,-76146229#1_0,0.3108206312021901,0.0455103165680365,0.04622654616832733
4.9107999200005,5.1,5.0,0.006506443023681641,20.0,-76146229#1_0,0.0,0.0,0.8606975796962937,-76146229#1_0,0.3152941679281573,0.044735367259671754,0.04543284699320793
5.017250717000934,5.2,5.099999904632568,0.01151132583618164,20.0,-76146229#1_0,0.0,0.0,0.8926666692019469,-76146229#1_0,0.31969089505653225,0.043967271283749665,0.04464619234204292
5.108602000000246,5.3,5.199999809265137,0.006017923355102539,20.0,-76146229#1_0,0.0,0.0,0.9250678186334909,-76146229#1_0,0.32401149431543963,0.04320599258907376,0.04386655241250992
5.2108722050015785,5.4,5.300000190734863,0.0064699649810791016,20.0,-76146229#1_0,0.0,0.0,0.9578934830883817,-76146229#1_0,0.32825664454890835,0.0424515023346872,0.04309387877583504
5.312971885001389,5.5,5.400000095367432,0.008025646209716797,20.0,-76146229#1_0,0.0,0.0,0.9911361850798129,-76146229#1_0,0.3324270199143117,0.04170375365403378,0.04232814162969589
5.414182978000099,5.6,5.5,0.00879216194152832,20.0,-76146229#1_0,0.0,0.0,1.0247885142483057,-76146229#1_0,0.33652329168492745,0.040962717706157226,0.0415692962706089
5.512036758000249,5.7,5.599999904632568,0.007662296295166016,20.0,-76146229#1_0,0.0,0.0,1.0588431269290948,-76146229#1_0,0.3405461268078896,0.04022835122962143,0.04081731289625168
5.60993622100068,5.8,5.699999809265137,0.006184577941894531,20.0,-76146229#1_0,0.0,0.0,1.0932927458637185,-76146229#1_0,0.34449618934623655,0.039500625383469545,0.04007215052843094
5.7111120150002535,5.9,5.800000190734863,0.007259368896484375,20.0,-76146229#1_0,0.0,0.0,1.128130159803456,-76146229#1_0,0.34837413939737505,0.03877950051138501,0.0393337719142437
5.813768211000934,6.0,5.900000095367432,0.007506370544433594,20.0,-76146229#1_0,0.0,0.0,1.1633482231488153,-76146229#1_0,0.3521806334535922,0.03806494056217136,0.03860213980078697
5.912453448001543,6.1,6.0,0.007975101470947266,20.0,-76146229#1_0,0.0,0.0,1.1989398555890207,-76146229#1_0,0.35591632440205545,0.03735690948463266,0.03787721320986748
6.008922554001401,6.2,6.099999904632568,0.007134199142456055,20.0,-76146229#1_0,0.0,0.0,1.2348980417054507,-76146229#1_0,0.3595818611643007,0.03665536762245236,0.03715895861387253
6.11175838500094,6.3,6.199999809265137,0.00738525390625,20.0,-76146229#1_0,0.0,0.0,1.2712158306471764,-76146229#1_0,0.3631778894172561,0.03596028252955408,0.03644733875989914
6.211221119001493,6.4,6.300000190734863,0.0073010921478271484,20.0,-76146229#1_0,0.0,0.0,1.3078863357704493,-76146229#1_0,0.36670505123273023,0.035271618154741335,0.03574231266975403
6.311970606000614,6.5,6.400000095367432,0.007642269134521484,20.0,-76146229#1_0,0.0,0.0,1.3449027342421394,-76146229#1_0,0.3701639847169,0.03458933484169757,0.03504384309053421
6.411670387000413,6.6,6.5,0.007949352264404297,20.0,-76146229#1_0,0.0,0.0,1.3822582666792216,-76146229#1_0,0.3735553243708227,0.03391339653922687,0.034351903945207596
6.514561984000466,6.7,6.599999904632568,0.006548404693603516,20.0,-76146229#1_0,0.0,0.0,1.4199462368964189,-76146229#1_0,0.3768797021719718,0.033243778011491365,0.03366643935441971
6.614555301001019,6.8,6.699999809265137,0.009447574615478516,20.0,-76146229#1_0,0.0,0.0,1.457960011365433,-76146229#1_0,0.38013774469014144,0.03258042518169635,0.032987430691719055
6.704702016000738,6.9,6.800000190734863,0.0033359527587890625,20.0,-76146229#1_0,0.0,0.0,1.4962930190346895,-76146229#1_0,0.38333007669256586,0.03192332002424414,0.03231482952833176
6.81336103600006,7.0,6.900000095367432,0.005536079406738281,20.0,-76146229#1_0,0.0,0.0,1.5349387508606718,-76146229#1_0,0.38645731825982377,0.0312724156725791,0.03164859861135483
6.910687492001671,7.1,7.0,0.006833076477050781,20.0,-76146229#1_0,0.0,0.0,1.5738907594474092,-76146229#1_0,0.38952008586737424,0.03062767607550476,0.030988704413175583
7.0130943180010945,7.2,7.099999904632568,0.005455970764160156,20.0,-76146229#1_0,0.0,0.0,1.6131426587220161,-76146229#1_0,0.39251899274606866,0.029989068786944184,0.030335111543536186
7.113051000000269,7.3,7.199999809265137,0.005039215087890625,20.0,-76146229#1_0,0.0,0.0,1.6526881235922055,-76146229#1_0,0.39545464870189473,0.029356559558260664,0.029687779024243355
7.205973966001693,7.4,7.300000190734863,0.0033271312713623047,20.0,-76146229#1_0,0.0,0.0,1.6925208895497263,-76146229#1_0,0.3983276595752086,0.02873010873313875,0.029046673327684402
7.311077186001057,7.5,7.400000095367432,0.007907629013061523,20.0,-76146229#1_0,0.0,0.0,1.7326347523459023,-76146229#1_0,0.4011386279617587,0.028109683865500945,0.028411755338311195
7.409690276001129,7.6,7.5,0.006651639938354492,20.0,-76146229#1_0,0.0,0.0,1.773023567613094,-76146229#1_0,0.40388815267191785,0.02749524710159157,0.02778298780322075
7.504809703001229,7.7,7.599999904632568,0.0032639503479003906,20.0,-76146229#1_0,0.0,0.0,1.813681250504188,-76146229#1_0,0.4065768289109392,0.026886762390213592,0.027160335332155228
7.606875034000041,7.8,7.699999809265137,0.0033636093139648438,20.0,-76146229#1_0,0.0,0.0,1.8546017753501092,-76146229#1_0,0.4092052484592123,0.026284195482730865,0.026543762534856796
7.705677994001235,7.9,7.800000190734863,0.003305673599243164,20.0,-76146229#1_0,0.0,0.0,1.8957791753173354,-76146229#1_0,0.41177399967226297,0.025687512130506684,0.02593323402106762
7.812354385001527,8.0,7.900000095367432,0.007056713104248047,20.0,-76146229#1_0,0.0,0.0,1.9372075420654107,-76146229#1_0,0.4142836674807534,0.025096678084904345,0.025328708812594414
7.904523152001275,8.1,8.0,0.003312349319458008,20.0,-76146229#1_0,0.0,0.0,1.9788810253503821,-76146229#1_0,0.41673483284971413,0.024511653689607282,0.024730155244469643
8.005483584000103,8.2,8.100000381469727,0.003272533416748047,20.0,-76146229#1_0,0.0,0.0,2.0207938327183643,-76146229#1_0,0.4191280736798241,0.02393240830109944,0.024137530475854874
8.109724025000105,8.3,8.199999809265137,0.0068743228912353516,20.0,-76146229#1_0,0.0,0.0,2.0629402290909518,-76146229#1_0,0.4214639637258745,0.023358900460504484,0.023550808429718018
8.208028501001536,8.4,8.300000190734863,0.006045103073120117,20.0,-76146229#1_0,0.0,0.0,2.105314536512859,-76146229#1_0,0.42374307421907303,0.022791104931985107,0.022969942539930344
8.30964684400169,8.5,8.399999618530273,0.005864381790161133,20.0,-76146229#1_0,0.0,0.0,2.1479111337012817,-76146229#1_0,0.4259659718842276,0.02222897665154544,0.022394901141524315
8.408820614000433,8.6,8.5,0.005564689636230469,20.0,-76146229#1_0,0.0,0.0,2.190724455739461,-76146229#1_0,0.42813322038179447,0.02167248497566887,0.021825648844242096
8.512861366001744,8.7,8.600000381469727,0.008269786834716797,20.00003576,-76146229#1_0,0.000357600000000013,0.0035760000000001294,2.233748993734198,-76146229#1_0,0.4302453799473663,0.02112159565571814,0.021262148395180702
8.609499059000882,8.8,8.699999809265137,0.005816459655761719,20.00063176,-76146229#1_0,0.00596000000000002,0.056024000000000074,2.2769792944553395,-76146229#1_0,0.432303007211416,0.02057627264049733,0.025006525218486786
8.707112797001173,8.9,8.800000190734863,0.003988742828369141,20.00182376,-76146229#1_0,0.01192,0.0595999999999998,2.3204515938076278,-76146229#1_0,0.43472299352288246,0.024199863114664488,0.08759760111570358
8.8182885490005,9.0,8.899999618530273,0.008646726608276367,20.003611760000002,-76146229#1_0,0.01788,0.0596,2.3647716118803905,-76146229#1_0,0.44320018072762796,0.08477187204745495,0.09184985607862473
8.913161915001183,9.1,9.0,0.00855708122253418,20.00599576,-76146229#1_0,0.02384,0.0596,2.409980499528108,-76146229#1_0,0.4520888764771723,0.08888695749544318,0.08896729350090027
9.01308192400029,9.2,9.100000381469727,0.008521795272827148,20.008975760000002,-76146229#1_0,0.0298,0.0596,2.456050360983898,-76146229#1_0,0.46069861455790456,0.08609738080732288,0.0880751833319664
9.112434171000132,9.3,9.199999809265137,0.007231950759887695,20.013266960000003,-76146229#1_0,0.0429119999999999,0.13111999999999902,2.502972562923546,-76146229#1_0,0.46922201939648195,0.08523404838577386,0.08746896684169769
9.21582631200181,9.4,9.300000190734863,0.011273860931396484,20.029358960000003,-76146229#1_0,0.16092,1.1800800000000011,2.550741238735856,-76146229#1_0,0.47768675812309785,0.08464738726615906,0.17284582555294037
9.318602046001615,9.5,9.399999618530273,0.008487701416015625,20.05796696,-76146229#1_0,0.28608,1.2515999999999998,2.6001826160857746,-76146229#1_0,0.49441377349918886,0.16727015376091003,1.305792212486267
9.40924934800023,9.6,9.5,0.007252931594848633,20.09909096,-76146229#1_0,0.41124,1.2515999999999998,2.662260692266206,-76146229#1_0,0.6207807618043115,1.2636698830512265,1.354616641998291
9.518181017001552,9.7,9.600000381469727,0.010426998138427734,20.152730960000003,-76146229#1_0,0.5364,1.2515999999999998,2.737447961756298,-76146229#1_0,0.7518726949009203,1.3109193309660883,1.194546103477478
9.611480161000145,9.8,9.699999809265137,0.007065773010253906,20.218886960000003,-76146229#1_0,0.66156,1.2516000000000005,2.82419535482843,-76146229#1_0,0.8674739307213214,1.1560123582040105,1.1755032539367676
9.71141407000141,9.9,9.800000190734863,0.007408618927001953,20.297827160000004,-76146229#1_0,0.789402000000001,1.27842000000001,2.922318585841886,-76146229#1_0,0.981232310134557,1.1375837941323563,1.192447304725647
9.805310747000476,10.0,9.899999618530273,0.003936767578125,20.393485160000004,-76146229#1_0,0.95658,1.6717799999999894,3.031981629481719,-76146229#1_0,1.0966304363983292,1.1539812626377222,1.2190662622451782
9.912922106001133,10.1,10.0,0.008841514587402344,20.506129160000004,-76146229#1_0,1.12644,1.6986000000000012,3.153442088562634,-76146229#1_0,1.214604590809153,1.179741544108237,1.8823696374893188
10.005276756000967,10.2,10.100000381469727,0.0037882328033447266,20.635759160000003,-76146229#1_0,1.2963,1.698599999999999,3.293119028006349,-76146229#1_0,1.3967693944371515,1.8216480362799858,1.9445304870605469
10.111717904001125,10.3,10.199999809265137,0.007933616638183594,20.782375160000004,-76146229#1_0,1.46616,1.698599999999999,3.451614004421618,-76146229#1_0,1.5849497641526884,1.8818036971553687,1.8651490211486816
10.205816391000553,10.4,10.300000190734863,0.0043375492095947266,20.945977160000005,-76146229#1_0,1.63602,1.6986000000000012,3.6281588100738094,-76146229#1_0,1.7654480565219157,1.8049829236922732,1.855296015739441
10.304937363000136,10.5,10.399999618530273,0.003609895706176758,21.126529400000006,-76146229#1_0,1.8055224,1.6950240000000005,3.822658093297673,-76146229#1_0,1.9449928322386358,1.7954477571672012,1.8660757541656494
10.408667156001684,10.6,10.5,0.005754947662353516,21.323507400000008,-76146229#1_0,1.96978,1.642576,4.035216174142494,-76146229#1_0,2.125580808448215,1.80587976209579,1.8612573146820068
10.50506235100147,10.7,10.600000381469727,0.0037233829498291016,21.536875400000007,-76146229#1_0,2.13368,1.6389999999999993,4.2657864225487545,-76146229#1_0,2.3057024840626026,1.8012167561438774,1.7495174407958984
10.605011522000495,10.8,10.699999809265137,0.0038242340087890625,21.766633400000007,-76146229#1_0,2.29758,1.6389999999999993,4.513287484898201,-76146229#1_0,2.4750106234944638,1.6930813943186118,1.7406642436981201
10.713162870000815,10.9,10.800000190734863,0.010152101516723633,22.01278140000001,-76146229#1_0,2.46148,1.6389999999999993,4.777633685089887,-76146229#1_0,2.6434620019168626,1.6845137842239888,1.7556631565093994
10.807692876000146,11.0,10.899999618530273,0.004258394241333008,22.275319400000008,-76146229#1_0,2.62538,1.6389999999999993,5.058970173892955,-76146229#1_0,2.8133648880306756,1.69902886113813,1.7402052879333496
10.910943198001405,11.1,11.0,0.007467031478881836,22.554193760000008,-76146229#1_0,2.7887436,1.6336360000000028,5.357147359030861,-76146229#1_0,2.9817718513790643,1.6840696334838867,1.7362276315689087
11.00501691700083,11.2,11.100000381469727,0.0036911964416503906,22.848617760000007,-76146229#1_0,2.94424,1.554964000000001,5.672126747054919,-76146229#1_0,3.149793880240572,1.6802202886150752,1.7286312580108643
11.104957282001124,11.3,11.199999809265137,0.0034346580505371094,23.15853776000001,-76146229#1_0,3.0992,1.5495999999999999,6.003834824672629,-76146229#1_0,3.3170807761771073,1.6728689593653545,1.5783796310424805
11.205257688001439,11.4,11.300000190734863,0.0038940906524658203,23.48395376000001,-76146229#1_0,3.25416,1.5495999999999999,6.350817543881074,-76146229#1_0,3.469827192084444,1.5274641590733662,1.5529747009277344
11.308981919000871,11.5,11.399999618530273,0.006300210952758789,23.82486576000001,-76146229#1_0,3.40912,1.5495999999999999,6.712829050517851,-76146229#1_0,3.6201150663677732,1.5028787428332935,1.576940655708313
11.407412210000984,11.6,11.5,0.005811214447021484,24.18127376000001,-76146229#1_0,3.56408,1.5495999999999999,7.090101273177613,-76146229#1_0,3.77272222659761,1.5260716022983667,1.5860657691955566
11.51436660300169,11.7,11.600000381469727,0.009739160537719727,24.553016840000012,-76146229#1_0,3.7174308,1.5335079999999968,7.482722519410234,-76146229#1_0,3.926212462326212,1.534902357286021,1.587650179862976
11.613282295000317,11.8,11.699999809265137,0.008996009826660156,24.93773484000001,-76146229#1_0,3.84718,1.297492,7.890708122222174,-76146229#1_0,4.079856028119403,1.5364356579319116,1.556999921798706
11.710144179000054,11.9,11.800000190734863,0.006125450134277344,25.33526684000001,-76146229#1_0,3.97532,1.2814000000000014,8.313761466212812,-76146229#1_0,4.230533439906375,1.5067741178697158,1.0940420627593994
11.805826346000686,12.0,11.899999618530273,0.004435300827026367,25.74561284000001,-76146229#1_0,4.10346,1.2814000000000014,8.747402314036606,-76146229#1_0,4.33640847823793,1.0587503833155498,1.0572279691696167
11.91364349900141,12.1,12.0,0.008976221084594727,26.16877284000001,-76146229#1_0,4.2316,1.2814000000000014,9.191274400271718,-76146229#1_0,4.4387208623511185,1.0231238411318877,1.1272698640823364
12.012368545001664,12.2,12.100000381469727,0.007817745208740234,26.60474684000001,-76146229#1_0,4.35974,1.2814000000000014,9.646055549707626,-76146229#1_0,4.547811494359086,1.0909063200796787,1.1477934122085571
12.112996348001616,12.3,12.199999809265137,0.007863759994506836,27.05323088000001,-76146229#1_0,4.4848404,1.251004,10.111944377326198,-76146229#1_0,4.658888276185721,1.1107678182663427,1.1523637771606445
12.209479467001074,12.4,12.300000190734863,0.007161378860473633,27.50976688000001,-76146229#1_0,4.56536,0.8051959999999969,10.58898511246568,-76146229#1_0,4.770407351394815,1.1151907520909443,1.0976301431655884
12.313133111001662,12.5,12.399999618530273,0.010223388671875,27.97405088000001,-76146229#1_0,4.64284,0.7747999999999955,11.076648074797086,-76146229#1_0,4.876629623314066,1.0622227191925049,0.5786013007164001
12.407443069001602,12.6,12.5,0.005060911178588867,28.44608288000001,-76146229#1_0,4.72032,0.7748000000000044,11.569910404554781,-76146229#1_0,4.932623297576943,0.5599367426287749,0.4816942811012268
12.507179949001511,12.7,12.600000381469727,0.004498481750488281,28.92586288000001,-76146229#1_0,4.7978,0.7747999999999955,12.06783429187152,-76146229#1_0,4.979238873167384,0.4661557559044116,0.5312557816505432
12.607428164001249,12.8,12.699999809265137,0.005703449249267578,29.413390880000012,-76146229#1_0,4.87528,0.7748000000000044,12.570899364171973,-76146229#1_0,5.030650723004533,0.5141184983714897,0.5551913380622864
12.710829567000474,12.9,12.800000190734863,0.007369518280029297,29.908291400000014,-76146229#1_0,4.9490052,0.7372520000000016,13.07933725587303,-76146229#1_0,5.084378917010561,0.5372819400602769,0.5682052373886108
12.805194419001054,13.0,12.899999618530273,0.003695964813232422,30.405057400000015,-76146229#1_0,4.96766,0.18654800000000193,13.593273907935911,-76146229#1_0,5.139366520628814,0.5498760361825283,0.4541859030723572
12.909510664001573,13.1,13.0,0.007574796676635742,30.903313400000016,-76146229#1_0,4.98256,0.14899999999999913,14.11160590744788,-76146229#1_0,5.183319995119687,0.4395347449087339,-1.420661211013794
13.009151933001704,13.2,13.100000381469727,0.004614591598510742,31.403059400000018,-76146229#1_0,4.99746,0.14899999999999913,14.616189572659716,-76146229#1_0,5.045836652118353,-1.3748334300133447,-1.5683008432388306
13.111314846000823,13.3,13.199999809265137,0.006060123443603516,31.904295400000017,-76146229#1_0,5.01236,0.14899999999999913,15.10559613293698,-76146229#1_0,4.89406560277266,-1.5177104934569297,-1.3881826400756836
13.20634273900032,13.4,13.300000190734863,0.0047037601470947266,32.40702140000002,-76146229#1_0,5.02726,0.14899999999999913,15.581568667665127,-76146229#1_0,4.7597253472814645,-1.3434025549119522,-1.3281192779541016
13.30556363300093,13.5,13.399999618530273,0.004330158233642578,32.91089768000002,-76146229#1_0,5.0387628,0.11502799999999702,16.04468843518727,-76146229#1_0,4.63119767522139,-1.2852767206007432,-1.2961145639419556
13.416603373001635,13.6,13.5,0.013692140579223633,33.41094168000002,-76146229#1_0,5.00044,-0.38322799999999546,16.495265158542228,-76146229#1_0,4.505767233549588,-1.2543044167180195,-1.3938454389572144
13.51053343500098,13.7,13.600000381469727,0.00517725944519043,33.90681368000002,-76146229#1_0,4.95872,-0.41720000000000645,16.932353055068567,-76146229#1_0,4.370878965263406,-1.3488826828618183,-0.2897733747959137
13.611992640000608,13.8,13.699999809265137,0.007185220718383789,34.39851368000002,-76146229#1_0,4.917,-0.4171999999999976,17.36663669312914,-76146229#1_0,4.342836380605737,-0.2804258465766907,-0.29130056500434875
13.704788517001361,13.9,13.800000190734863,0.0034215450286865234,34.88604168000002,-76146229#1_0,4.87528,-0.4171999999999976,17.798101293463866,-76146229#1_0,4.314646003347252,-0.2819037725848528,-0.36477819085121155
13.804255817000012,14.0,13.899999618530273,0.0031118392944335938,35.36939768000002,-76146229#1_0,4.83356,-0.4171999999999976,18.226035782274224,-76146229#1_0,4.279344888103586,-0.3530111524366575,-0.36658456921577454
13.90500671100017,14.1,14.0,0.0037848949432373047,35.84847440000002,-76146229#1_0,4.7907672,-0.42792799999999964,18.65042267847927,-76146229#1_0,4.243868962050446,-0.3547592605313987,-0.35640329122543335
14.007199504001619,14.2,14.100000381469727,0.003656625747680664,36.321698400000024,-76146229#1_0,4.73224,-0.5852720000000033,19.07136051057568,-76146229#1_0,4.209378320964114,-0.34490641086332374,-0.37260860204696655
14.108101497000462,14.3,14.199999809265137,0.00511622428894043,36.788962400000024,-76146229#1_0,4.67264,-0.5959999999999965,19.488692452974863,-76146229#1_0,4.173319423991827,-0.3605889697228726,-0.6752528548240662
14.208495720000428,14.4,14.300000190734863,0.0064089298248291016,37.25026640000002,-76146229#1_0,4.61304,-0.5960000000000054,19.89948969032736,-76146229#1_0,4.107972373524982,-0.6534705046684497,-0.6922294497489929
14.313145789001283,14.5,14.399999618530273,0.00832509994506836,37.70561040000002,-76146229#1_0,4.55344,-0.5959999999999965,20.30358793300487,-76146229#1_0,4.040982426775079,-0.6698994674990288,-0.6549764275550842
14.40479663700171,14.6,14.5,0.0035796165466308594,38.15499440000002,-76146229#1_0,4.49384,-0.5960000000000054,20.701347694125392,-76146229#1_0,3.977597611205232,-0.6338481556984688,-0.6483343243598938
14.507325257000048,14.7,14.600000381469727,0.0054552555084228516,38.59834688000002,-76146229#1_0,4.4335248,-0.6031519999999979,21.09283325210695,-76146229#1_0,3.914855579815565,-0.6274203138966694,-0.648956298828125
14.607283592000385,14.8,14.699999809265137,0.005387783050537109,39.034618880000025,-76146229#1_0,4.36272,-0.7080479999999945,21.47803858784178,-76146229#1_0,3.852053357348327,-0.6280222246723799,-0.6583797931671143
14.704968173000452,14.9,14.800000190734863,0.0035851001739501953,39.46373888000002,-76146229#1_0,4.2912,-0.7152000000000047,21.856872506223382,-76146229#1_0,3.7883391838160256,-0.6371417353230147,-0.8168923854827881
14.808179845000268,15.0,14.899999618530273,0.005479097366333008,39.88570688000002,-76146229#1_0,4.21968,-0.7151999999999958,22.227801014422894,-76146229#1_0,3.7092850819951106,-0.7905410182091499,-0.7705050706863403
14.906733238000015,15.1,15.0,0.005139589309692383,40.300522880000024,-76146229#1_0,4.14816,-0.7152000000000047,22.591273021938346,-76146229#1_0,3.634720075154497,-0.7456500684061362,-0.741395890712738
15.015036044000226,15.2,15.100000381469727,0.01001882553100586,40.70818688000002,-76146229#1_0,4.07664,-0.7151999999999958,22.947570230511413,-76146229#1_0,3.5629720857306837,-0.7174798942381333,-0.7347301840782166
15.111046345000432,15.3,15.199999809265137,0.007829904556274414,41.10818036000002,-76146229#1_0,3.9999348,-0.7670520000000014,23.2967571469805,-76146229#1_0,3.4918691646908564,-0.7110292103982729,-0.6607063412666321
15.217402924001362,15.4,15.300000190734863,0.013100385665893555,41.49289836000002,-76146229#1_0,3.84718,-1.527548000000003,23.63955013111475,-76146229#1_0,3.427929841342473,-0.6393932334838359,-0.6137126684188843
15.309547809001742,15.5,15.399999618530273,0.007963895797729492,41.86182236000002,-76146229#1_0,3.68924,-1.5793999999999997,23.97640396039333,-76146229#1_0,3.3685382927858067,-0.5939154855666606,-1.2198302745819092
15.416349815001013,15.6,15.5,0.012533903121948242,42.21495236000002,-76146229#1_0,3.5313,-1.5793999999999997,24.302391537114538,-76146229#1_0,3.259875767212071,-1.086625255737359,-1.356608510017395
15.519899181001165,15.7,15.600000381469727,0.013567686080932617,42.55228836000002,-76146229#1_0,3.37336,-1.5793999999999997,24.617863385554415,-76146229#1_0,3.1547184843987783,-1.051572828132925,-1.2288818359375
15.627256303001559,15.8,15.699999809265137,0.02423548698425293,42.87383036000002,-76146229#1_0,3.21542,-1.5793999999999997,24.923158722754298,-76146229#1_0,3.0529533719988176,-1.0176511239996078,-1.2173500061035156
15.7169272430001,15.9,15.800000190734863,0.014774799346923828,43.17948896000002,-76146229#1_0,3.056586,-1.5883400000000014,25.218605823270313,-76146229#1_0,2.954471005160146,-0.9848236683867162,-1.209734320640564
15.819010294000691,16.0,15.899999618530273,0.010214805603027344,43.46795296000002,-76146229#1_0,2.88464,-1.719459999999997,25.504522372156778,-76146229#1_0,2.859165488864657,-0.9530551629548878,-1.2144019603729248
15.914598858000318,16.1,16.0,0.01262664794921875,43.73913296000002,-76146229#1_0,2.7118,-1.7283999999999988,25.781215806563036,-76146229#1_0,2.7669343440625713,-0.9223114480208583,-1.667547345161438
16.01321558700147,16.2,16.100000381469727,0.008827924728393555,43.99302896000002,-76146229#1_0,2.53896,-1.7284000000000033,26.048983646311026,-76146229#1_0,2.677678397479908,-0.8925594658266345,-1.7504688501358032
16.121527875000538,16.3,16.200000762939453,0.0165708065032959,44.22964096000002,-76146229#1_0,2.36612,-1.7283999999999988,26.308113813809083,-76146229#1_0,2.591301674980556,-0.8637672249935191,-1.7904495000839233
16.214120569000443,16.4,16.299999237060547,0.011642932891845703,44.448968960000016,-76146229#1_0,2.19328,-1.7283999999999988,26.55888494364591,-76146229#1_0,2.50771129836828,-0.8359037661227608,-1.801717758178711
16.322565925000163,16.5,16.399999618530273,0.018329143524169922,44.651263280000016,-76146229#1_0,2.0229432,-1.7033680000000029,26.80156668219768,-76146229#1_0,2.4268173855176904,-0.8089391285058944,-1.8309979438781738
16.42371197600005,16.6,16.5,0.019161701202392578,44.84019528000002,-76146229#1_0,1.88932,-1.3362319999999972,27.03641997757036,-76146229#1_0,2.348532953726797,-0.7828443179089328,-1.710927128791809
16.5229553650006,16.7,16.600000381469727,0.013747453689575195,45.01601528000002,-76146229#1_0,1.7582,-1.3112000000000013,27.263697360189084,-76146229#1_0,2.272773826187223,-0.7575912753957414,-0.8109742403030396
16.61626630400133,16.8,16.700000762939453,0.013211250305175781,45.17872328000002,-76146229#1_0,1.62708,-1.311199999999999,27.483643214336237,-76146229#1_0,2.199458541471506,-0.733152847157168,-0.7773237824440002
16.72077002900005,16.9,16.799999237060547,0.016463279724121094,45.328319280000024,-76146229#1_0,1.49596,-1.3112000000000013,27.696494040930254,-76146229#1_0,2.1285082659401673,-0.7095027553133892,-0.7627817392349243
16.809542034001424,17.0,16.899999618530273,0.007791042327880859,45.46480328000003,-76146229#1_0,1.36484,-1.311199999999999,27.90247871182769,-76146229#1_0,2.0598467089743555,-0.6866155696581178,-0.749683141708374
16.90968580400113,17.1,17.0,0.007742643356323242,45.589069280000025,-76146229#1_0,1.24266,-1.2217999999999996,28.101818715921983,-76146229#1_0,1.9934000409429247,-0.6644666803143084,-0.7380160093307495
17.00754128400149,17.2,17.100000381469727,0.004355192184448242,45.714229280000026,-76146229#1_0,1.2516,0.08939999999999948,28.294728397303555,-76146229#1_0,1.9290968138157336,-0.6430322712719105,-0.6639333963394165
17.122809160000543,17.3,17.200000762939453,0.01836538314819336,45.841177280000025,-76146229#1_0,1.26948,0.17879999999999896,28.481415185737337,-76146229#1_0,1.8668678843378068,-0.622289294779268,0.09786538779735565
17.216711225000836,17.4,17.299999237060547,0.013525009155273438,45.96991328000003,-76146229#1_0,1.28736,0.17880000000000118,28.669049058569158,-76146229#1_0,1.876338728318196,0.09470843980389221,-1.7251850366592407
17.318502390000504,17.5,17.399999618530273,0.014266729354858398,46.10043728000003,-76146229#1_0,1.30524,0.17879999999999896,28.850630225825757,-76146229#1_0,1.815811672565996,-0.6052705575219997,-1.8280587196350098
17.410391123001318,17.6,17.5,0.008191347122192383,46.23274928000003,-76146229#1_0,1.32312,0.17880000000000118,29.02635393607408,-76146229#1_0,1.757237102483222,-0.58574570082774,-1.6923798322677612
17.509072345001186,17.7,17.600000381469727,0.006727695465087891,46.36738568000003,-76146229#1_0,1.346364,0.2324399999999982,29.1964091395402,-76146229#1_0,1.7005520346611827,-0.5668506782203941,-1.6588054895401
17.61644539200097,17.8,17.700000762939453,0.011992216110229492,46.51221368000002,-76146229#1_0,1.44828,1.0191600000000012,29.360978691281606,-76146229#1_0,1.6456955174140477,-0.5485651724713492,-1.516751766204834
17.712128486000438,17.9,17.799999237060547,0.00794076919555664,46.66776968000002,-76146229#1_0,1.55556,1.0728000000000004,29.520239547805545,-76146229#1_0,1.592608565239401,-0.5308695217464665,1.0207284688949585
17.816988333001063,18.0,17.899999618530273,0.01019287109375,46.83405368000002,-76146229#1_0,1.66284,1.0728000000000004,29.689378421770403,-76146229#1_0,1.6913887396485907,0.9878017440918962,1.255502462387085
17.91321005700047,18.1,18.0,0.007245540618896484,47.011065680000016,-76146229#1_0,1.77012,1.0727999999999982,29.870667319564813,-76146229#1_0,1.812888977944115,1.2150023829552437,1.121716022491455
18.007476438000594,18.2,18.100000381469727,0.0057256221771240234,47.198805680000014,-76146229#1_0,1.8774,1.0728000000000004,30.062811533705915,-76146229#1_0,1.92144214141103,1.0855316346691501,1.0738767385482788
18.113262818000294,18.3,18.200000762939453,0.009982585906982422,47.397398840000015,-76146229#1_0,1.9859316,1.0853160000000006,30.265348103381356,-76146229#1_0,2.025365696754412,1.0392355534338171,1.0764130353927612
18.21083662000092,18.4,18.299999237060547,0.007509708404541016,47.60868084000001,-76146229#1_0,2.11282,1.2688840000000012,30.478301573399307,-76146229#1_0,2.1295347001795175,1.041690034251057,1.0720205307006836
18.30931640700146,18.5,18.399999618530273,0.0062105655670166016,47.832776840000015,-76146229#1_0,2.24096,1.281399999999997,30.701629435649846,-76146229#1_0,2.23327862250539,1.037439223258727,1.2025066614151
18.410747805000938,18.6,18.5,0.0071086883544921875,48.06968684000002,-76146229#1_0,2.3691,1.2814000000000014,30.936594459139886,-76146229#1_0,2.3496502349004,1.1637161239500982,1.2405750751495361
18.510956882000755,18.7,18.600000381469727,0.007021427154541016,48.31941084000002,-76146229#1_0,2.49724,1.2814000000000014,31.18356504787331,-76146229#1_0,2.469705887334226,1.2005565243382588,1.2227563858032227
18.60569018500064,18.8,18.700000762939453,0.0039615631103515625,48.58194884000002,-76146229#1_0,2.62538,1.281399999999997,31.442368762920957,-76146229#1_0,2.5880371504764734,1.1833126314224751,1.2153220176696777
18.71134693300155,18.9,18.799999237060547,0.0076982975006103516,48.85733660000002,-76146229#1_0,2.7538776,1.2849760000000021,31.712933658784763,-76146229#1_0,2.705648958638055,1.1761180816158179,1.216284155845642
18.819345563000752,19.0,18.899999618530273,0.010874271392822266,49.146098600000016,-76146229#1_0,2.88762,1.3374240000000004,31.995269046479333,-76146229#1_0,2.823353876945698,1.1770491830764263,1.2339016199111938
18.905270560000645,19.1,19.0,0.0038461685180664062,49.448270600000015,-76146229#1_0,3.02172,1.341000000000001,32.2895454175924,-76146229#1_0,2.942763711130652,1.194098341849541,1.3578394651412964
19.00474607400065,19.2,19.100000381469727,0.003503561019897461,49.763852600000014,-76146229#1_0,3.15582,1.3409999999999966,32.596962170626185,-76146229#1_0,3.074167530337874,1.3140381920722222,1.377031683921814
19.10605684300026,19.3,19.200000762939453,0.004365205764770508,50.092844600000014,-76146229#1_0,3.28992,1.341000000000001,32.91770503673018,-76146229#1_0,3.207428661039985,1.3326113070211099,1.3713970184326172
19.209412928001257,19.4,19.299999237060547,0.0048067569732666016,50.43524660000001,-76146229#1_0,3.42402,1.341000000000001,33.25171948688353,-76146229#1_0,3.340144501533464,1.3271584049347895,1.3768017292022705
19.309070524001072,19.5,19.399999618530273,0.006478071212768555,50.79102284000001,-76146229#1_0,3.5577624,1.3374240000000004,33.599057824738836,-76146229#1_0,3.473383378553039,1.332388770195747,1.385267972946167
19.41956834100165,19.6,19.5,0.0069179534912109375,51.15964884000001,-76146229#1_0,3.68626,1.2849759999999977,33.959801981687164,-76146229#1_0,3.607441569483313,1.3405819093027427,1.3783693313598633
19.506641546000537,19.7,19.600000381469727,0.003507375717163086,51.54108884000001,-76146229#1_0,3.8144,1.2814000000000014,34.33388519668091,-76146229#1_0,3.7408321499374932,1.3339058045418017,1.2781919240951538
19.610665630001677,19.8,19.700000762939453,0.0070307254791259766,51.935342840000004,-76146229#1_0,3.94254,1.2814000000000014,34.7203380109401,-76146229#1_0,3.8645281425918627,1.2369599265436948,1.2760001420974731
19.714047034000032,19.9,19.799999237060547,0.00882577896118164,52.34241084000001,-76146229#1_0,4.07068,1.2814000000000014,35.1191392136712,-76146229#1_0,3.988012027310973,1.234838847191102,1.2961905002593994
19.808656994000557,20.0,19.899999618530273,0.005886077880859375,52.76229284000001,-76146229#1_0,4.19882,1.2814000000000014,35.53048419543706,-76146229#1_0,4.1134498176586565,1.2543779034768354,1.2922228574752808
19.913754227000027,20.1,20.0,0.009539604187011719,53.19473852000001,-76146229#1_0,4.3244568,1.2563679999999966,35.95433455969462,-76146229#1_0,4.238503642575619,1.250538249169626,1.283889889717102
20.00618733600095,20.2,20.100000381469727,0.004778146743774414,53.63607652000001,-76146229#1_0,4.41338,0.8892319999999998,36.39060966482042,-76146229#1_0,4.362751051257919,1.242474086823,1.2461711168289185
20.104799628001274,20.3,20.200000762939453,0.003446340560913086,54.08605652000001,-76146229#1_0,4.4998,0.864199999999995,36.83894449043165,-76146229#1_0,4.483348256112331,1.2059720485441172,0.7888016104698181
20.214565092001067,20.4,20.299999237060547,0.01011514663696289,54.544678520000005,-76146229#1_0,4.58622,0.8642000000000039,37.294912880015175,-76146229#1_0,4.559683895835216,0.763356397228856,0.7637211680412292
20.312827709001795,20.5,20.399999618530273,0.008160591125488281,55.011942520000005,-76146229#1_0,4.67264,0.8642000000000039,37.758272119612,-76146229#1_0,4.633592395968239,0.7390850013302241,0.8167809247970581
20.408829990001323,20.6,20.5,0.005033731460571289,55.48784852000001,-76146229#1_0,4.75906,0.864199999999995,38.22953569073912,-76146229#1_0,4.71263571127118,0.7904331530294151,0.8160824179649353
20.51172233500074,20.7,20.600000381469727,0.00915074348449707,55.97212832000001,-76146229#1_0,4.842798,0.8373800000000031,38.70869683365299,-76146229#1_0,4.791611429138754,0.7897571786757407,0.8029094338417053
20.608761365001556,20.8,20.700000762939453,0.00713801383972168,56.46084832000001,-76146229#1_0,4.8872,0.4440199999999983,39.19562806786211,-76146229#1_0,4.8693123420911775,0.777009129524231,0.7931393980979919
20.715497437000522,20.9,20.799999237060547,0.01158905029296875,56.95374032000001,-76146229#1_0,4.92892,0.4171999999999976,39.690234844633466,-76146229#1_0,4.946067767713564,0.7675542562238657,-0.5102242231369019
20.813635891001468,21.0,20.899999618530273,0.008083820343017578,57.45080432000001,-76146229#1_0,4.97064,0.41720000000000645,40.17990396763253,-76146229#1_0,4.896691229990638,-0.4937653772292627,-0.6037610769271851
20.913172912001755,21.1,21.0,0.00821065902709961,57.95204032000001,-76146229#1_0,5.01236,0.4171999999999976,40.66373024150003,-76146229#1_0,4.838262738675104,-0.5842849131553418,-0.48802122473716736
21.012865059001342,21.2,21.100000381469727,0.008519411087036133,58.45744832000001,-76146229#1_0,5.05408,0.4171999999999976,41.1428337293217,-76146229#1_0,4.791034878216668,-0.4722786045843552,-0.45027559995651245
21.108897139001783,21.3,21.200000762939453,0.005226612091064453,58.966724360000015,-76146229#1_0,5.0927604,0.38680400000000503,41.617579711337335,-76146229#1_0,4.747459820156361,-0.4357505806030737,-0.4291269779205322
21.209165589001714,21.4,21.299999237060547,0.006331205368041992,59.47541036000001,-76146229#1_0,5.08686,-0.05900400000000694,42.08817285163116,-76146229#1_0,4.705931402938245,-0.4152841721811562,-0.5072996020317078
21.309617069000524,21.5,21.399999618530273,0.007421016693115234,59.983202360000014,-76146229#1_0,5.07792,-0.08939999999999948,42.553856640937575,-76146229#1_0,4.656837893064209,-0.4909350987403638,-2.244921922683716
21.416009434000443,21.6,21.5,0.013235807418823242,60.490100360000014,-76146229#1_0,5.06898,-0.08939999999999948,43.00451837252444,-76146229#1_0,4.506617315868589,-1.5022057719561932,-2.3277533054351807
21.515402383000037,21.7,21.600000381469727,0.011988162994384766,60.99610436000001,-76146229#1_0,5.06004,-0.08939999999999948,43.440642628898814,-76146229#1_0,4.361242563743796,-1.45374752124793,-2.202822685241699
21.622148977001416,21.8,21.700000762939453,0.01736593246459961,61.50121436000001,-76146229#1_0,5.0511,-0.08939999999999948,43.86269836087402,-76146229#1_0,4.220557319752061,-1.4068524399173565,-2.164890766143799
21.719995967001523,21.9,21.799999237060547,0.014660835266113281,62.005019120000014,-76146229#1_0,5.0380476,-0.13052400000000297,44.27113939181777,-76146229#1_0,4.084410309437478,-1.3614701031458232,-2.1276395320892334
21.82199075200151,22.0,21.899999618530273,0.018270015716552734,62.501487120000014,-76146229#1_0,4.96468,-0.733675999999992,44.6664049056343,-76146229#1_0,3.9526551381653015,-1.3175517127217695,-2.206538438796997
21.91241578500012,22.1,22.0,0.00867462158203125,62.990207120000015,-76146229#1_0,4.8872,-0.7748000000000044,45.04891991900514,-76146229#1_0,3.825150133708356,-1.2750500445694524,-0.583223283290863
22.01980190300128,22.2,22.100000381469727,0.014330387115478516,63.471179120000016,-76146229#1_0,4.80972,-0.7747999999999955,45.42579083608606,-76146229#1_0,3.7687091708092404,-0.5644096289911582,-0.6170444488525391
22.114108653000585,22.3,22.200000762939453,0.009537935256958008,63.94440312000002,-76146229#1_0,4.73224,-0.7748000000000044,45.79669035527486,-76146229#1_0,3.708995191888027,-0.5971397892121333,-0.7021519541740417
22.21251340300114,22.4,22.299999237060547,0.008029699325561523,64.40987912000001,-76146229#1_0,4.65476,-0.7748000000000044,46.160794855552304,-76146229#1_0,3.64104500277441,-0.6795018911361694,-0.701047956943512
22.316299435000474,22.5,22.399999618530273,0.007173776626586914,64.86737468000001,-76146229#1_0,4.5749556,-0.7980439999999955,46.51811502076255,-76146229#1_0,3.5732016521024574,-0.6784335067195268,-0.669744610786438
22.413971308000328,22.6,22.5,0.006726741790771484,65.31348068000001,-76146229#1_0,4.46106,-1.138956000000002,46.86895378651357,-76146229#1_0,3.5083876575102213,-0.6481399459223613,-0.6483097076416016
22.5223465650015,22.7,22.600000381469727,0.011417150497436523,65.74796468000001,-76146229#1_0,4.34484,-1.1622000000000021,47.213518587351935,-76146229#1_0,3.4456480083836145,-0.6273964912660679,-0.6960337162017822
22.623681933000626,22.8,22.700000762939453,0.01128840446472168,66.17082668,-76146229#1_0,4.22862,-1.1621999999999932,47.55134757803351,-76146229#1_0,3.3782899068157,-0.6735810156791455,-0.7103753685951233
22.721719264000058,22.9,22.799999237060547,0.014941930770874023,66.58206668000001,-76146229#1_0,4.1124,-1.1622000000000021,47.88230196837383,-76146229#1_0,3.3095439034032688,-0.687460034124312,-0.6976568698883057
22.815650793001623,23.0,22.899999618530273,0.011381864547729492,66.98168468000001,-76146229#1_0,3.99618,-1.1622000000000021,48.206504840618464,-76146229#1_0,3.242028722446336,-0.6751518095693276,-0.6880279779434204
22.911735746001796,23.1,23.0,0.00768280029296875,67.36959128000001,-76146229#1_0,3.879066,-1.1711399999999994,48.524049377592675,-76146229#1_0,3.175445369742134,-0.665833527042019,-0.6798192858695984
23.016058832001363,23.2,23.100000381469727,0.011527061462402344,67.74447528,-76146229#1_0,3.74884,-1.3022599999999995,48.83501501825202,-76146229#1_0,3.109656406593463,-0.65788963148671,-0.67768394947052
23.106890456001565,23.3,23.200000762939453,0.005539894104003906,68.10624728,-76146229#1_0,3.61772,-1.3112000000000013,49.1394224271423,-76146229#1_0,3.0440740889027675,-0.6558231769069556,-0.7795265316963196
23.2071204570002,23.4,23.299999237060547,0.005933046340942383,68.45490728,-76146229#1_0,3.4866,-1.3111999999999968,49.43628603088713,-76146229#1_0,2.968636037448285,-0.7543805145448257,-0.7781453728675842
23.306897459000538,23.5,23.399999618530273,0.005556344985961914,68.79045528,-76146229#1_0,3.35548,-1.3112000000000013,49.72561919553969,-76146229#1_0,2.8933316465256156,-0.7530439092266938,-0.7543286681175232
23.418265140000585,23.6,23.5,0.012913703918457031,69.11289128,-76146229#1_0,3.22436,-1.3112000000000013,50.007652405339506,-76146229#1_0,2.8203320979981132,-0.7299954852750234,-0.7421371340751648
23.51784789500016,23.7,23.600000381469727,0.013808965682983398,69.42207224,-76146229#1_0,3.0918096,-1.3255039999999996,50.282503642874076,-76146229#1_0,2.748512375345678,-0.718197226524353,-0.7318837642669678
23.618516793001618,23.8,23.700000762939453,0.013405799865722656,69.71590024000001,-76146229#1_0,2.93828,-1.5352960000000015,50.55027213430284,-76146229#1_0,2.6776849142875845,-0.7082746105809345,-0.7301440238952637
23.712016134000805,23.9,23.799999237060547,0.008542537689208984,69.99423224000002,-76146229#1_0,2.78332,-1.5495999999999999,50.81097471582293,-76146229#1_0,2.607025815200946,-0.7065909908663848,-0.8865259289741516
23.818320055001095,24.0,23.899999618530273,0.015053510665893555,70.25706824000001,-76146229#1_0,2.62836,-1.5495999999999999,51.06326753664883,-76146229#1_0,2.52292820825898,-0.8409760694196589,-0.8833582997322083
23.920466560000932,24.1,24.0,0.015009641647338867,70.50440824,-76146229#1_0,2.4734,-1.5495999999999999,51.30742187938357,-76146229#1_0,2.4415434273474,-0.8138478091158019,-0.8483035564422607
24.015583521000735,24.2,24.100000381469727,0.012384176254272461,70.73625224,-76146229#1_0,2.31844,-1.5495999999999999,51.54370027557848,-76146229#1_0,2.3627839619490967,-0.7875946539830325,-0.8337856531143188
24.116420165000818,24.3,24.200000762939453,0.013190507888793945,70.95270752,-76146229#1_0,2.1645528,-1.5388719999999978,51.772356788025164,-76146229#1_0,2.286565124466868,-0.762188374822288,-0.8207064867019653
24.212148324000736,24.4,24.299999237060547,0.009943485260009766,71.15534752,-76146229#1_0,2.0264,-1.3815279999999985,51.99363728394131,-76146229#1_0,2.212804959161485,-0.7376016530538276,-0.7956276535987854
24.318773822000367,24.5,24.399999618530273,0.013065338134765625,71.34427952,-76146229#1_0,1.88932,-1.370800000000001,52.20777969934404,-76146229#1_0,2.1414241540272436,-0.713808051342415,-0.6683740615844727
24.416008445001353,24.6,24.5,0.011553764343261719,71.51950352,-76146229#1_0,1.75224,-1.370800000000001,52.41545397866691,-76146229#1_0,2.076742793228746,-0.6468136079849751,-0.6449485421180725
24.514616660000684,24.7,24.600000381469727,0.011630535125732422,71.68101952,-76146229#1_0,1.61516,-1.370800000000001,52.61688682048542,-76146229#1_0,2.0143284181850616,-0.6241437504368452,-0.637515127658844
24.61866438100151,24.8,24.700000762939453,0.014083623886108398,71.82882752,-76146229#1_0,1.47808,-1.3707999999999987,52.812150161068516,-76146229#1_0,1.95263340583098,-0.6169501235408159,-0.6265454888343811
24.718957167000553,24.9,24.799999237060547,0.014397859573364258,71.96344604000001,-76146229#1_0,1.3461852,-1.3189479999999998,53.00135015821128,-76146229#1_0,1.8919999714276527,-0.6063343440332725,-0.6147016286849976
24.813019742001416,25.0,24.899999618530273,0.008375406265258789,72.09248004000001,-76146229#1_0,1.29034,-0.5584520000000004,53.18460142991516,-76146229#1_0,1.832512717038782,-0.594872543888707,-0.5679196715354919
24.913214385000174,25.1,25.0,0.008184194564819336,72.21644804000002,-76146229#1_0,1.23968,-0.5066000000000015,53.362356704797726,-76146229#1_0,1.77755274882567,-0.5495996821311211,-0.20584680140018463
25.012013449000733,25.2,25.100000381469727,0.0073146820068359375,72.33535004000002,-76146229#1_0,1.18902,-0.5065999999999993,53.53811991386029,-76146229#1_0,1.7576320906256522,-0.1992065820001776,-0.18825697898864746
25.11342871600027,25.3,25.200000762939453,0.008311033248901367,72.44918604000003,-76146229#1_0,1.13836,-0.5065999999999993,53.71206128119071,-76146229#1_0,1.73941367330417,-0.18218417321482105,-0.2083270400762558
25.212421989001086,25.4,25.299999237060547,0.007401704788208008,72.55795604000004,-76146229#1_0,1.0877,-0.5066000000000015,53.88398658039135,-76146229#1_0,1.7192529920064679,-0.2016068129770221,-0.20867320895195007
25.312576035001257,25.5,25.399999618530273,0.007875919342041016,72.66135608000003,-76146229#1_0,1.0340004,-0.5369959999999985,54.05389246144085,-76146229#1_0,1.6990588104949889,-0.20194181511479004,-0.2060859352350235
25.415241237000373,25.6,25.5,0.011158943176269531,72.75492808000003,-76146229#1_0,0.935719999999998,-0.9828040000000204,54.221803962471945,-76146229#1_0,1.6791150103109542,-0.19943800184034632,-0.212168887257576
25.51648582300004,25.7,25.600000381469727,0.011662483215332031,72.83836808000002,-76146229#1_0,0.834399999999998,-1.0131999999999997,54.387662216207,-76146229#1_0,1.6585825373505436,-0.20532472960410608,-0.37227827310562134
25.612391501001184,25.8,25.700000762939453,0.009041309356689453,72.91167608000002,-76146229#1_0,0.733079999999999,-1.0131999999999908,54.549917776976514,-76146229#1_0,1.6225556076951608,-0.3602692965538279,-0.38712024688720703
25.718200128001627,25.9,25.799999237060547,0.013376951217651367,72.97485208000002,-76146229#1_0,0.63176,-1.0131999999999897,54.708427012776156,-76146229#1_0,1.585092357996399,-0.37463249698761913,-0.3645872175693512
25.810123518000182,26.0,25.899999618530273,0.008294105529785156,73.02789608000002,-76146229#1_0,0.530439999999999,-1.0132000000000096,54.86340798517996,-76146229#1_0,1.5498097240380746,-0.35282633958324316,-0.3568991720676422
25.92341318200124,26.1,26.0,0.012091398239135742,73.07120144000002,-76146229#1_0,0.433053599999999,-0.9738640000000004,55.01493509462828,-76146229#1_0,1.5152710944831416,-0.3453862955493303,-0.35442063212394714
26.01082715800112,26.2,26.100000381469727,0.005451679229736328,73.11053744000003,-76146229#1_0,0.39336,-0.39693599999998996,55.16303232699152,-76146229#1_0,1.480972323632437,-0.3429877085070454,-0.32908424735069275
26.116331679000723,26.3,26.200000762939453,0.007242679595947266,73.14629744000003,-76146229#1_0,0.3576,-0.35760000000000014,55.30794487309008,-76146229#1_0,1.4491254609855957,-0.31846862646841334,-0.15495160222053528
26.220588179001425,26.4,26.299999237060547,0.008954763412475586,73.17848144000003,-76146229#1_0,0.32184,-0.3575999999999996,55.451357887554245,-76146229#1_0,1.434130144641673,-0.14995316343922704,-0.1456678956747055
26.312018453001656,26.5,26.399999618530273,0.006901264190673828,73.20708944000003,-76146229#1_0,0.286079999999999,-0.35760000000001013,55.59336121270543,-76146229#1_0,1.4200332515118628,-0.14096893129810217,-0.1548406332731247
26.409825760001695,26.6,26.5,0.006314754486083984,73.23212144000003,-76146229#1_0,0.250319999999999,-0.35760000000000014,55.73386608011526,-76146229#1_0,1.4050486740983346,-0.1498457741352821,-0.15460999310016632
26.51214419900134,26.7,26.600000381469727,0.007397174835205078,73.25391716000003,-76146229#1_0,0.2179572,-0.32362799999999,55.872874721785415,-76146229#1_0,1.3900864167015443,-0.14962257396790246,-0.1531379669904709
26.613208663000478,26.8,26.700000762939453,0.007814884185791016,73.27745916000003,-76146229#1_0,0.23542,0.174628,56.01040138312985,-76146229#1_0,1.375266613444402,-0.14819803257142272,-0.1471061110496521
26.725253234000775,26.9,26.799999237060547,0.02015089988708496,73.30308716000003,-76146229#1_0,0.25628,0.20860000000000017,56.14650443694801,-76146229#1_0,1.3610305381815324,-0.1423607526286963,0.13414596021175385
26.817645236000317,27.0,26.899999618530273,0.013223648071289062,73.33080116000004,-76146229#1_0,0.27714,0.2085999999999999,56.28390567747789,-76146229#1_0,1.374012405298799,0.12981867117266566,-1.6110305786132812
26.91886993100161,27.1,27.0,0.013709783554077148,73.36060116000003,-76146229#1_0,0.298,0.2085999999999999,56.41687461992616,-76146229#1_0,1.3296894244827087,-0.4432298081609032,-1.6240123510360718
27.018515952000598,27.2,27.100000381469727,0.01473546028137207,73.39248716000003,-76146229#1_0,0.31886,0.2085999999999999,56.545554241650294,-76146229#1_0,1.286796217241331,-0.42893207241377684,-1.579689383506775
27.1188633010006,27.3,27.200000762939453,0.01485753059387207,73.42719224000002,-76146229#1_0,0.3470508,0.28190800000000016,56.67008290783494,-76146229#1_0,1.2452866618464493,-0.4150955539488166,-1.53679621219635
27.218088057001296,27.4,27.299999237060547,0.012690305709838867,73.47546824000003,-76146229#1_0,0.482760000000001,1.3570920000000102,56.79059452027169,-76146229#1_0,1.2051161243675317,-0.40170537478917634,-1.4183522462844849
27.311085317000106,27.5,27.399999618530273,0.007792234420776367,73.53804824000002,-76146229#1_0,0.625800000000001,1.4304,56.90721866133951,-76146229#1_0,1.1662414106782564,-0.3887471368927531,1.189681887626648
27.408229833001315,27.6,27.5,0.005782365798950195,73.61493224000003,-76146229#1_0,0.768840000000001,1.4303999999999994,57.03535585293276,-76146229#1_0,1.2813719159324481,1.1513050525419177,1.3720864057540894
27.51039385200056,27.7,27.600000381469727,0.007567405700683594,73.70612024000003,-76146229#1_0,0.911880000000001,1.4304000000000006,57.17677130006556,-76146229#1_0,1.4141544713280052,1.3278255539555706,1.1636544466018677
27.612618752000344,27.8,27.700000762939453,0.008573532104492188,73.81161224000003,-76146229#1_0,1.05492,1.4303999999999906,57.32944791926225,-76146229#1_0,1.5267661919668956,1.1261172063889036,1.1423462629318237
27.710487760001342,27.9,27.799999237060547,0.007430315017700195,73.93146188000003,-76146229#1_0,1.1984964,1.4357639999999994,57.49317950229376,-76146229#1_0,1.6373158303151365,1.1054963834824094,1.1831796169281006
27.811878629001512,28.0,27.899999618530273,0.007397651672363281,74.06645588000003,-76146229#1_0,1.34994,1.514435999999999,57.66836121065039,-76146229#1_0,1.751817083566243,1.145012532511065,1.2154792547225952
27.91255274100149,28.1,28.0,0.007873296737670898,74.21664788000004,-76146229#1_0,1.50192,1.5198,57.85530562147207,-76146229#1_0,1.8694441082168167,1.1762702465057373,1.396704912185669
28.01343592000012,28.2,28.100000381469727,0.008897781372070312,74.38203788000004,-76146229#1_0,1.6539,1.5198,58.055766531443936,-76146229#1_0,2.004609099718656,1.3516499150183914,1.4158107042312622
28.112095129001318,28.3,28.200000762939453,0.007908344268798828,74.56262588000004,-76146229#1_0,1.80588,1.5198,58.26992883532772,-76146229#1_0,2.1416230388378104,1.370139391191545,1.3864123821258545
28.20793659500123,28.4,28.299999237060547,0.004513978958129883,74.75841188000004,-76146229#1_0,1.95786,1.5198,58.49750803323207,-76146229#1_0,2.275791979043538,1.3416894020572778,1.3790401220321655
28.310406042000977,28.5,28.399999618530273,0.007488250732421875,74.96937800000003,-76146229#1_0,2.1096612,1.518012000000002,58.73843278070448,-76146229#1_0,2.4092474747240704,1.3345549568053228,1.3943750858306885
28.414911554000355,28.6,28.5,0.0078067779541015625,75.19526200000003,-76146229#1_0,2.25884,1.4917880000000006,58.99285148062041,-76146229#1_0,2.5441869991592982,1.3493952443522783,1.4043793678283691
28.51278358000127,28.7,28.600000381469727,0.0050466060638427734,75.43604600000003,-76146229#1_0,2.40784,1.4900000000000002,59.2608609486121,-76146229#1_0,2.6800946799168823,1.3590768075758408,1.3591504096984863
28.6160207060002,28.8,28.700000762939453,0.004549980163574219,75.69173000000004,-76146229#1_0,2.55684,1.4899999999999958,59.54202348508474,-76146229#1_0,2.8116253647264133,1.31530684809531,1.3646659851074219
28.713826876000894,28.9,28.799999237060547,0.005003929138183594,75.96231400000003,-76146229#1_0,2.70584,1.4900000000000002,59.83639246657455,-76146229#1_0,2.943689814898099,1.3206445017168589,1.382757306098938
28.813097536001806,29.0,28.899999618530273,0.0043108463287353516,76.24779800000003,-76146229#1_0,2.85484,1.4900000000000002,60.144142970381445,-76146229#1_0,3.0775050380689644,1.3381522317086514,1.394608497619629
28.913859850001245,29.1,29.0,0.004556179046630859,76.54816412000004,-76146229#1_0,3.0036612,1.4882119999999999,60.46538968545563,-76146229#1_0,3.2124671507418316,1.3496211267286728,1.4042329788208008
29.008564768000724,29.2,29.100000381469727,0.00458836555480957,76.86315012000004,-76146229#1_0,3.14986,1.4619880000000007,60.80022575193775,-76146229#1_0,3.348360664821264,1.3589351407943218,1.4021871089935303
29.112639738001235,29.3,29.200000762939453,0.008255481719970703,77.19273812000004,-76146229#1_0,3.29588,1.4602000000000004,61.14863137108756,-76146229#1_0,3.4840561914980572,1.356955266767934,1.3608018159866333
29.211518062000323,29.4,29.299999237060547,0.008044004440307617,77.53692812000004,-76146229#1_0,3.4419,1.4602000000000004,61.5102060400695,-76146229#1_0,3.6157466898193444,1.316904983212872,1.3522329330444336
29.312263365000035,29.5,29.399999618530273,0.007969856262207031,77.89572012000004,-76146229#1_0,3.58792,1.4602000000000004,61.88486683420993,-76146229#1_0,3.7466079414042897,1.3086125158494522,1.3544750213623047
29.412860034000914,29.6,29.5,0.004227638244628906,78.26911412000004,-76146229#1_0,3.73394,1.4602000000000004,62.27263545113774,-76146229#1_0,3.877686169278061,1.3107822787377144,1.3626478910446167
29.5131910980017,29.7,29.600000381469727,0.004546642303466797,78.65698496000005,-76146229#1_0,3.8787084,1.447683999999998,62.67359098314017,-76146229#1_0,4.009555320024314,1.3186915074625327,1.3737292289733887
29.61571368100158,29.8,29.700000762939453,0.006571769714355469,79.05749696000005,-76146229#1_0,4.00512,1.2641159999999996,63.08784066897138,-76146229#1_0,4.142496858312062,1.3294153828774746,1.3575465679168701
29.712330241000018,29.9,29.799999237060547,0.008695840835571289,79.47052496000005,-76146229#1_0,4.13028,1.2516000000000016,63.51522790223404,-76146229#1_0,4.273872332626597,1.3137547431453545,1.0170835256576538
29.8058405210013,30.0,29.899999618530273,0.004359722137451172,79.89606896000005,-76146229#1_0,4.25544,1.2516000000000016,63.952457879293384,-76146229#1_0,4.372299770593467,0.9842743796686992,0.9944179058074951
29.90709096200044,30.1,30.0,0.005278348922729492,80.33412896000004,-76146229#1_0,4.3806,1.2516000000000016,64.39931125544119,-76146229#1_0,4.468533761478064,0.9623399088459639,1.0525944232940674
30.00870577800015,30.2,30.100000381469727,0.00700831413269043,80.78470496000004,-76146229#1_0,4.50576,1.2516000000000016,64.85635102923378,-76146229#1_0,4.570397737925877,1.0186397644781309,1.0736984014511108
30.11054654400141,30.3,30.200000762939453,0.007762908935546875,81.24736784000004,-76146229#1_0,4.6266288,1.2086879999999933,65.32378143271782,-76146229#1_0,4.6743040348405005,1.0390629691462383,1.0825670957565308
30.212596001001657,30.4,30.299999237060547,0.010263681411743164,81.71582384000004,-76146229#1_0,4.68456,0.5793120000000052,65.80168829196725,-76146229#1_0,4.779068592494358,1.0476455765385762,1.004089117050171
30.309141898000235,30.5,30.399999618530273,0.006189584732055664,82.18964384000004,-76146229#1_0,4.7382,0.5363999999999969,66.28931214267202,-76146229#1_0,4.8762385070476,0.9716991455324209,-0.15974076092243195
30.408535007001774,30.6,30.5,0.005614757537841797,82.66882784000005,-76146229#1_0,4.79184,0.5363999999999969,66.77539011504527,-76146229#1_0,4.860779723732526,-0.15458783315073887,-0.30395621061325073
30.506088703001296,30.7,30.600000381469727,0.00434422492980957,83.15337584000005,-76146229#1_0,4.84548,0.5364000000000058,67.25852657570292,-76146229#1_0,4.831364606576405,-0.2941511715612144,-0.20196302235126495
30.60671736400036,30.8,30.700000762939453,0.005095005035400391,83.64328784000006,-76146229#1_0,4.89912,0.5363999999999969,67.73970855549909,-76146229#1_0,4.811819797961767,-0.19544808614638143,-0.16408023238182068
30.70659698700001,30.9,30.799999237060547,0.0049610137939453125,84.13829564000005,-76146229#1_0,4.950078,0.509580000000005,68.21930266207868,-76146229#1_0,4.795941065795784,-0.1587873216598279,-0.14494965970516205
30.80996031000177,31.0,30.899999618530273,0.007727146148681641,84.63446564000006,-76146229#1_0,4.9617,0.11622000000000021,68.69749403001595,-76146229#1_0,4.781913679372704,-0.14027386423079768,-0.2138964980840683
30.911919565000062,31.1,31.0,0.009553909301757812,85.13152964000005,-76146229#1_0,4.97064,0.08939999999999948,69.17361543184272,-76146229#1_0,4.761214018267794,-0.2069966110490995,-1.5831242799758911
31.0080123810003,31.2,31.100000381469727,0.005915164947509766,85.62948764000005,-76146229#1_0,4.97958,0.08939999999999948,69.63441627612134,-76146229#1_0,4.608008442786256,-1.532055754815378,-1.6821430921554565
31.110698465001406,31.3,31.200000762939453,0.007212400436401367,86.12833964000005,-76146229#1_0,4.98852,0.08939999999999948,70.08035257703614,-76146229#1_0,4.4593630091479906,-1.4864543363826588,-1.5299049615859985
31.210532309001792,31.4,31.299999237060547,0.0068359375,86.62808564000005,-76146229#1_0,4.99746,0.08939999999999948,70.51190383598595,-76146229#1_0,4.315512589498056,-1.4385041964993484,-1.4847660064697266
31.31092672700106,31.5,31.399999618530273,0.009135246276855469,87.12851108000005,-76146229#1_0,5.0042544,0.06794399999999534,70.92953408658254,-76146229#1_0,4.17630250596586,-1.3921008353219566,-1.4407211542129517
31.41293691700048,31.6,31.5,0.010475397109985352,87.62646908000005,-76146229#1_0,4.97958,-0.2467439999999943,71.33369239361149,-76146229#1_0,4.041583070289542,-1.3471943567631772,-1.4896442890167236
31.505316882001352,31.7,31.600000381469727,0.003763914108276367,88.12174508000005,-76146229#1_0,4.95276,-0.2682000000000073,71.72481333589757,-76146229#1_0,3.9112094228608476,-1.3037364742869473,-0.09836258739233017
31.60807829300029,31.8,31.700000762939453,0.005795717239379883,88.61433908000005,-76146229#1_0,4.92594,-0.26819999999999844,72.11498238217662,-76146229#1_0,3.901690462790622,-0.09518960070225457,-0.11065942049026489
31.71216184900004,31.9,31.799999237060547,0.007194995880126953,89.10425108000005,-76146229#1_0,4.89912,-0.26819999999999844,72.50408053083804,-76146229#1_0,3.890981486614145,-0.10708976176477147,-0.15584328770637512
31.80849329800003,32.0,31.899999618530273,0.004787921905517578,89.59148108000005,-76146229#1_0,4.8723,-0.26819999999999844,72.89167051865068,-76146229#1_0,3.875899878126431,-0.15081608487713893,-0.15661746263504028
31.910692307001227,32.1,32.0,0.006403923034667969,90.07570724000006,-76146229#1_0,4.8422616,-0.30038400000000465,73.27774485359912,-76146229#1_0,3.8607433494843306,-0.15156528642100486,-0.15566039085388184
32.012280271001146,32.2,32.099998474121094,0.008856773376464844,90.55220924000005,-76146229#1_0,4.76502,-0.772415999999998,73.66231279766832,-76146229#1_0,3.8456794406920194,-0.1506390879231123,-0.1949795037508011
32.111125819001245,32.3,32.20000076293945,0.007135868072509766,91.02066524000006,-76146229#1_0,4.68456,-0.8045999999999953,74.04499384331413,-76146229#1_0,3.826810456458071,-0.1886898423394845,-0.8806942105293274
32.206658775001415,32.4,32.29999923706055,0.004986763000488281,91.48107524000005,-76146229#1_0,4.6041,-0.8046000000000042,74.41915204176127,-76146229#1_0,3.741581984471362,-0.8522847198670913,-0.9015969634056091
32.30444255900147,32.5,32.400001525878906,0.0030617713928222656,91.93343924000006,-76146229#1_0,4.52364,-0.8045999999999953,74.78458510830447,-76146229#1_0,3.6543306654321093,-0.8725131903925254,-0.7628753185272217
32.40504178200172,32.6,32.5,0.003599405288696289,92.37775724000005,-76146229#1_0,4.44318,-0.8046000000000042,75.14263551047483,-76146229#1_0,3.5805040217036685,-0.7382664372844072,-0.7451324462890625
32.5085845020003,32.7,32.599998474121094,0.006946563720703125,92.81376104000005,-76146229#1_0,4.360038,-0.831419999999996,75.49347495348756,-76146229#1_0,3.5083944301273076,-0.7210959157636099,-0.7488327026367188
32.61509544400178,32.8,32.70000076293945,0.009899616241455078,93.23751704000004,-76146229#1_0,4.23756,-1.2247800000000009,75.83706762841027,-76146229#1_0,3.43592674922698,-0.7246768090032774,-0.6947828531265259
32.71705155700147,32.9,32.79999923706055,0.011507987976074219,93.64875704000005,-76146229#1_0,4.1124,-1.2516000000000016,76.1739365983027,-76146229#1_0,3.368689698924413,-0.6723705030256699,-0.8476327061653137
32.81459188900044,33.0,32.900001525878906,0.010936737060546875,94.04748104000005,-76146229#1_0,3.98724,-1.2516000000000016,76.5026026710387,-76146229#1_0,3.2866607273600277,-0.8202897156438516,-0.8708749413490295
32.91474901700167,33.1,33.0,0.010042905807495117,94.43368904000005,-76146229#1_0,3.86208,-1.2515999999999972,76.82284092176165,-76146229#1_0,3.2023825072294763,-0.8427822013055142,-0.8407905697822571
33.019491156001095,33.2,33.099998474121094,0.014884471893310547,94.80738104000005,-76146229#1_0,3.73692,-1.2516000000000016,77.13494248955122,-76146229#1_0,3.1210156778957097,-0.813668293337666,-0.8240674138069153
33.114645826000924,33.3,33.20000076293945,0.010856389999389648,95.16841400000006,-76146229#1_0,3.6103296,-1.265904,77.43906921140072,-76146229#1_0,3.0412672184950402,-0.7974845940066944,-0.814222514629364
33.21920508100084,33.4,33.29999923706055,0.015950679779052734,95.51469000000006,-76146229#1_0,3.46276,-1.475696000000002,77.735316360528,-76146229#1_0,2.9624714912728436,-0.7879572722219663,-0.813041627407074
33.31977437600108,33.5,33.400001525878906,0.016751766204833984,95.84606600000006,-76146229#1_0,3.31376,-1.4900000000000002,78.02369536487393,-76146229#1_0,2.8837900434592556,-0.7868144781358799,-0.9857699275016785
33.410489404001055,33.6,33.5,0.00896000862121582,96.16254200000006,-76146229#1_0,3.16476,-1.4900000000000002,78.30277182069257,-76146229#1_0,2.7907645581863765,-0.9302548527287913,-0.9834266901016235
33.514879779000694,33.7,33.599998474121094,0.013281583786010742,96.46411800000006,-76146229#1_0,3.01576,-1.4899999999999958,78.57284581019448,-76146229#1_0,2.700739895019074,-0.9002466316730251,-0.946475625038147
33.62126050700135,33.8,33.70000076293945,0.018443584442138672,96.75079400000006,-76146229#1_0,2.86676,-1.4900000000000002,78.8342077355189,-76146229#1_0,2.613619253244265,-0.8712064177480894,-0.9314569234848022
33.723285098001725,33.9,33.79999923706055,0.01915121078491211,97.02240908000006,-76146229#1_0,2.71615079999999,-1.506092000000101,79.08713863099415,-76146229#1_0,2.5293089547525147,-0.8431029849175031,-0.9135511517524719
33.81558949400096,34.0,33.900001525878906,0.012641191482543945,97.27660308000006,-76146229#1_0,2.54193999999999,-1.742108,79.33191046532504,-76146229#1_0,2.4477183433088854,-0.8159061144362934,-0.9083925485610962
33.91208816300059,34.1,34.0,0.009943008422851562,97.51321508000005,-76146229#1_0,2.36611999999999,-1.758200000000003,79.56878643403235,-76146229#1_0,2.3687596870731147,-0.789586562357707,-1.5629793405532837
34.016723439001,34.2,34.099998474121094,0.013487815856933594,97.73224508000006,-76146229#1_0,2.1903,-1.7581999999998965,79.79802124245877,-76146229#1_0,2.2923480842643045,-0.7641160280881021,-1.661473035812378
34.112690567000755,34.3,34.20000076293945,0.010978221893310547,97.93369308000005,-76146229#1_0,2.01448,-1.758200000000003,80.01986137964565,-76146229#1_0,2.2184013718686817,-0.7394671239562278,-1.6872498989105225
34.21986746000039,34.4,34.29999923706055,0.016222476959228516,98.11755908000005,-76146229#1_0,1.83866,-1.7581999999999987,80.23454538337488,-76146229#1_0,2.1468400372922725,-0.7156133457640923,-1.7470875978469849
34.32246692300032,34.5,34.400001525878906,0.019728899002075195,98.28412916000005,-76146229#1_0,1.6657008,-1.7295919999999998,80.44230409666123,-76146229#1_0,2.0775871328634894,-0.6925290442878307,-1.8201353549957275
34.4157741930012,34.6,34.5,0.014016389846801758,98.43759916000005,-76146229#1_0,1.5347,-1.3100080000000003,80.6433609159706,-76146229#1_0,2.0105681930936994,-0.6701893976979001,-1.6485340595245361
34.51599489600085,34.7,34.599998474121094,0.012928962707519531,98.57825516000005,-76146229#1_0,1.40656,-1.2813999999999992,80.83793203143128,-76146229#1_0,1.9457111546068058,-0.6485703848689361,-0.6848191022872925
34.613943782000206,34.8,34.70000076293945,0.012201547622680664,98.70609716000006,-76146229#1_0,1.27842,-1.2814000000000014,81.02622665929646,-76146229#1_0,1.8829462786517475,-0.6276487595505831,-0.6530241370201111
34.71995609700025,34.9,34.79999923706055,0.01568436622619629,98.82112516000005,-76146229#1_0,1.15028,-1.2813999999999992,81.20844726690791,-76146229#1_0,1.8222060761145944,-0.6074020253715307,-0.6426581740379333
34.814783656000145,35.0,34.900001525878906,0.01126718521118164,98.92333916000005,-76146229#1_0,1.02214,-1.2813999999999992,81.38478979040288,-76146229#1_0,1.7634252349496076,-0.5878084116498683,-0.6286126375198364
34.91420620900135,35.1,35.0,0.011398792266845703,99.01313252000006,-76146229#1_0,0.897933599999999,-1.2420640000000105,81.555443845398,-76146229#1_0,1.7065405499512332,-0.568846849983744,-0.6159203052520752
35.01280883200161,35.2,35.099998474121094,0.010987043380737305,99.09627452000005,-76146229#1_0,0.831419999999999,-0.6651359999999995,81.72059293087716,-76146229#1_0,1.651490854791516,-0.5504969515971725,-0.5782277584075928
35.113736374001746,35.3,35.20000076293945,0.010366678237915039,99.17315852000006,-76146229#1_0,0.76884,-0.6257999999999908,81.88041462650214,-76146229#1_0,1.598216956249854,-0.5327389854166187,-0.2538796067237854
35.20686963500157,35.4,35.29999923706055,0.005345582962036133,99.24378452000006,-76146229#1_0,0.706259999999999,-0.6258000000000097,82.03777942270722,-76146229#1_0,1.573647962050778,-0.245689941990761,-0.23092162609100342
35.31471127500117,35.5,35.400001525878906,0.011517524719238281,99.30815252000006,-76146229#1_0,0.643679999999999,-0.6257999999999997,82.1929094934985,-76146229#1_0,1.5513007079129388,-0.22347254137839112,-0.253017395734787
35.41675657500127,35.6,35.5,0.01112675666809082,99.36626252000006,-76146229#1_0,0.581099999999998,-0.6258000000000108,82.34559100884721,-76146229#1_0,1.5268151534869918,-0.2448555442594702,-0.25366660952568054
35.52272542500032,35.7,35.599998474121094,0.01857280731201172,99.41840060000007,-76146229#1_0,0.521380799999999,-0.5971919999999897,82.4958176860392,-76146229#1_0,1.5022667719199905,-0.24548381567001343,-0.2490554302930832
35.61389227100153,35.8,35.70000076293945,0.007467508316040039,99.46876260000008,-76146229#1_0,0.50362,-0.17760799999999022,82.64363414938965,-76146229#1_0,1.4781646335045309,-0.24102138415459606,-0.23680251836776733
35.70967929100152,35.9,35.79999923706055,0.0044476985931396484,99.51763460000008,-76146229#1_0,0.48872,-0.1489999999999997,82.78915897546558,-76146229#1_0,1.4552482607592632,-0.229163727452677,-0.13989843428134918
35.806018365001364,36.0,35.900001525878906,0.003191232681274414,99.56501660000008,-76146229#1_0,0.47382,-0.1489999999999997,82.93332994572589,-76146229#1_0,1.4417097026030035,-0.13538558156259706,-0.13139009475708008
35.91067679400112,36.1,36.0,0.003550291061401367,99.61090860000007,-76146229#1_0,0.45892,-0.14900000000000024,83.07622939894016,-76146229#1_0,1.428994532142641,-0.12715170460362524,-0.13659781217575073
36.01576391200069,36.2,36.099998474121094,0.008677482604980469,99.65531060000008,-76146229#1_0,0.44402,-0.1489999999999997,83.21780693784304,-76146229#1_0,1.4157753890288587,-0.1321914311378225,-0.1368231475353241
36.11225649000153,36.3,36.20000076293945,0.0068929195404052734,99.69938480000008,-76146229#1_0,0.440742000000002,-0.03277999999998005,83.35806038176977,-76146229#1_0,1.4025344392673758,-0.13240949761482934,-0.13610826432704926
36.20828365100169,36.4,36.29999923706055,0.005723237991333008,99.76017680000008,-76146229#1_0,0.607920000000003,1.6717800000000098,83.49699664894496,-76146229#1_0,1.3893626717518548,-0.1317176751552096,-0.0957857295870781
36.3114425040003,36.5,36.400001525878906,0.007874727249145508,99.83884880000008,-76146229#1_0,0.786720000000004,1.7880000000000096,83.63500595744672,-76146229#1_0,1.3800930850176214,-0.09269586734233393,1.615136742591858
36.41242526000133,36.6,36.5,0.007869720458984375,99.93540080000008,-76146229#1_0,0.965520000000003,1.7879999999999907,83.78864562152195,-76146229#1_0,1.5363966407523173,1.563035557346959,1.9427621364593506
36.51469249600086,36.7,36.599998474121094,0.006305694580078125,100.04983280000008,-76146229#1_0,1.14432,1.7879999999999696,83.9610862094984,-76146229#1_0,1.7244058797645125,1.8800923901219524,1.7087855339050293
36.61145363800097,36.8,36.70000076293945,0.0076444149017333984,100.18214480000007,-76146229#1_0,1.32312,1.7880000000000007,84.15006343167394,-76146229#1_0,1.889772221755322,1.6536634199080935,1.6626956462860107
36.71587317200101,36.9,36.79999923706055,0.004009246826171875,100.33217588000008,-76146229#1_0,1.5003108,1.7719079999999998,84.35513125687805,-76146229#1_0,2.050678252041065,1.6090603028574302,1.700840950012207
36.80794544300079,37.0,36.900001525878906,0.00549626350402832,100.49756588000008,-76146229#1_0,1.6539,1.5358919999999987,84.57665883321131,-76146229#1_0,2.215275763332569,1.645975112915039,1.6834216117858887
36.91015757000059,37.1,37.0,0.0074536800384521484,100.67815388000008,-76146229#1_0,1.80588,1.5198,84.81447758643282,-76146229#1_0,2.3781875322150743,1.6291176888250547,1.234298586845398
37.015607313000146,37.2,37.099998474121094,0.009132623672485352,100.87393988000008,-76146229#1_0,1.95786,1.5198,85.06424116468831,-76146229#1_0,2.4976357825549513,1.1944825033987705,1.199889063835144
37.11136211200028,37.3,37.20000076293945,0.007564067840576172,101.08492388000008,-76146229#1_0,2.10984,1.5198000000000023,85.32561657259383,-76146229#1_0,2.6137540790551266,1.1611829650017524,1.2717093229293823
37.21482428800118,37.4,37.29999923706055,0.004508018493652344,101.31110588000007,-76146229#1_0,2.26182,1.5198,85.59929884491478,-76146229#1_0,2.736822723209583,1.230686441544564,1.295359492301941
37.31047460700029,37.5,37.400001525878906,0.0076944828033447266,101.55234284000007,-76146229#1_0,2.4123696,1.5054959999999973,85.88551685425801,-76146229#1_0,2.8621800934323516,1.253573702227686,1.3031293153762817
37.4128306470011,37.6,37.5,0.009650707244873047,101.80653684000006,-76146229#1_0,2.54194,1.2957039999999997,86.18434579245972,-76146229#1_0,2.988289382017153,1.2610928858480142,1.2839255332946777
37.511252438000156,37.7,37.599998474121094,0.007337093353271484,102.07354484000007,-76146229#1_0,2.67008,1.2814000000000014,86.49559981646752,-76146229#1_0,3.1125402400779283,1.242508580607753,0.9094173312187195
37.61141676800071,37.8,37.70000076293945,0.006676197052001953,102.35336684000006,-76146229#1_0,2.79822,1.2814000000000014,86.81565465335807,-76146229#1_0,3.2005483689055465,0.8800812882761821,0.8865649700164795
37.71096939100062,37.9,37.79999923706055,0.005914211273193359,102.64600284000007,-76146229#1_0,2.92636,1.281399999999997,87.14428915124878,-76146229#1_0,3.2863449789071413,0.8579661000159478,0.9502550959587097
37.80974400500054,38.0,37.900001525878906,0.006826877593994141,102.95145284000006,-76146229#1_0,3.0545,1.2814000000000014,87.48211966619716,-76146229#1_0,3.378305149483791,0.9196017057664951,0.97541743516922
37.91230254200127,38.1,38.0,0.008009195327758789,103.26973472000006,-76146229#1_0,3.1828188,1.2831880000000018,87.8293897047117,-76146229#1_0,3.472700385145328,0.943952356615374,0.9818282723426819
38.015692917000706,38.2,38.099998474121094,0.008763313293457031,103.60111072000007,-76146229#1_0,3.31376,1.3094119999999965,88.18616130715213,-76146229#1_0,3.5677160244042976,0.9501563925896939,0.9884634613990784
38.11808525200104,38.3,38.20000076293945,0.00848245620727539,103.94559872000006,-76146229#1_0,3.44488,1.3112000000000013,88.55249868502545,-76146229#1_0,3.6633737787332405,0.9565775432894297,1.030114769935608
38.20806062600059,38.4,38.29999923706055,0.0057528018951416016,104.30319872000007,-76146229#1_0,3.576,1.3112000000000013,88.92880491551107,-76146229#1_0,3.7630623048560414,0.9968852612280088,1.052687406539917
38.312884696000765,38.5,38.400001525878906,0.008452415466308594,104.67391072000007,-76146229#1_0,3.70712,1.3112000000000013,89.31529844347932,-76146229#1_0,3.864935279682485,1.0187297482644375,1.0666872262954712
38.412074124000355,38.6,38.5,0.008030891418457031,105.05773472000007,-76146229#1_0,3.83824,1.3111999999999968,89.71211475105689,-76146229#1_0,3.9681630757755952,1.0322779609311006,1.0821856260299683
38.51435849200061,38.7,38.599998474121094,0.007936239242553711,105.45459920000008,-76146229#1_0,3.9686448,1.3040479999999999,90.11940382275732,-76146229#1_0,4.072890717004302,1.0472764122870704,1.0982983112335205
38.613390459000584,38.8,38.70000076293945,0.00818777084350586,105.86345520000008,-76146229#1_0,4.08856,1.1991520000000033,90.53732158779226,-76146229#1_0,4.179177650349482,1.062869333451797,1.0985593795776367
38.7105855890004,38.9,38.79999923706055,0.008194208145141602,106.28423120000008,-76146229#1_0,4.20776,1.192000000000002,90.96587057262957,-76146229#1_0,4.285489848373124,1.063121980236419,0.9076793789863586
38.80992480100031,39.0,38.900001525878906,0.006744384765625,106.71692720000007,-76146229#1_0,4.32696,1.191999999999993,91.40320355145707,-76146229#1_0,4.373329788275029,0.8783993990190542,0.8975684642791748
38.90865287300039,39.1,39.0,0.00588536262512207,107.16154320000007,-76146229#1_0,4.44616,1.192000000000002,91.84922267671308,-76146229#1_0,4.460191252560111,0.8686146428508135,0.9342339038848877
39.01204696700006,39.2,39.099998474121094,0.006551265716552734,107.61807920000007,-76146229#1_0,4.56536,1.192000000000002,92.3042827752325,-76146229#1_0,4.550600985194132,0.9040973263402119,0.9504368305206299
39.11390007800037,39.3,39.20000076293945,0.007226228713989258,108.08649944000007,-76146229#1_0,4.68420240000001,1.188424000000099,92.76854064953113,-76146229#1_0,4.6425787429864505,0.9197775779231865,0.9648804068565369
39.21424140200179,39.4,39.29999923706055,0.0073659420013427734,108.56627944000007,-76146229#1_0,4.7978,1.1359759999998964,93.2421360761542,-76146229#1_0,4.735954266230632,0.933755232441813,0.9736811518669128
39.31294407400128,39.5,39.400001525878906,0.0074574947357177734,109.05738344000008,-76146229#1_0,4.91104,1.1324000000000023,93.72515422360178,-76146229#1_0,4.8301814744758165,0.9422720824518471,0.8877320289611816
39.410297971000546,39.6,39.5,0.0066606998443603516,109.55981144000008,-76146229#1_0,5.02428,1.1324000000000023,94.21676332616833,-76146229#1_0,4.916091025665608,0.859095511897916,0.8864874243736267
39.505853972001205,39.7,39.599998474121094,0.004011869430541992,110.07356344000007,-76146229#1_0,5.13752,1.1324000000000023,94.71695133929335,-76146229#1_0,5.001880131250153,0.8578910558454478,0.9134611487388611
39.61261740500049,39.8,39.70000076293945,0.007965803146362305,110.59863944000007,-76146229#1_0,5.25076,1.1323999999999934,95.22597929901906,-76146229#1_0,5.0902795972571395,0.8839946600698667,0.9325494766235352
39.71110906700051,39.9,39.79999923706055,0.008011817932128906,111.13432424000007,-76146229#1_0,5.356848,1.0608800000000063,95.7440319310992,-76146229#1_0,5.180526320801353,0.9024672354421348,0.9471936225891113
39.813948322000215,40.0,39.900001525878906,0.009902000427246094,111.67012824000007,-76146229#1_0,5.35804,0.011919999999996378,96.27125095307537,-76146229#1_0,5.2721902197615895,0.9166389896023652,0.8338024020195007
39.917095051001525,40.1,40.0,0.013368606567382812,112.20533624000007,-76146229#1_0,5.35208,-0.05959999999999965,96.80653903055494,-76146229#1_0,5.352880774795735,0.8069055503414546,-2.12170147895813
40.020844280001256,40.2,40.099998474121094,0.015465021133422852,112.73994824000006,-76146229#1_0,5.34612,-0.05959999999999965,97.32455975069647,-76146229#1_0,5.180207201415228,-1.7267357338050715,-2.4656026363372803
40.115414322001016,40.3,40.20000076293945,0.012513160705566406,113.27396424000005,-76146229#1_0,5.34016,-0.05959999999999965,97.82587012502697,-76146229#1_0,5.013103743305059,-1.6710345811016847,-2.2326579093933105
40.21443910700145,40.4,40.29999923706055,0.009679079055786133,113.80738424000006,-76146229#1_0,5.3342,-0.05959999999999965,98.31100919695972,-76146229#1_0,4.851390719327477,-1.6171302397758236,-2.190443277359009
40.31584801000099,40.5,40.400001525878906,0.013011932373046875,114.33956456000006,-76146229#1_0,5.3218032,-0.12396800000000319,98.78049862141076,-76146229#1_0,4.694894244510461,-1.5649647481701567,-2.149289846420288
40.42243311100174,40.6,40.5,0.01841115951538086,114.86106456000006,-76146229#1_0,5.215,-1.0680319999999988,99.23484322571822,-76146229#1_0,4.54344604307464,-1.5144820143582116,-2.3152542114257812
40.513718453001275,40.7,40.599998474121094,0.009394168853759766,115.37124056000006,-76146229#1_0,5.10176,-1.1324000000000023,99.67453155246739,-76146229#1_0,4.396883267491587,-1.465627755830532,-1.2130903005599976
40.61970724400089,40.8,40.70000076293945,0.012243986129760742,115.87009256000006,-76146229#1_0,4.98852,-1.1323999999999934,100.10248029566274,-76146229#1_0,4.279487431953522,-1.1739583553806465,-1.1268569231033325
40.72287341000083,40.9,40.79999923706055,0.01125478744506836,116.35762056000006,-76146229#1_0,4.87528,-1.1324000000000023,100.51952397186032,-76146229#1_0,4.170436761975781,-1.090506699777416,-0.9785664677619934
40.81608010800119,41.0,40.900001525878906,0.012286901473999023,116.83382456000005,-76146229#1_0,4.76204,-1.1324000000000023,100.92709764998278,-76146229#1_0,4.07573678122462,-0.946999807511606,-0.967566728591919
40.91557556300177,41.1,41.0,0.011468172073364258,117.29854364000005,-76146229#1_0,4.6471908,-1.148492000000001,101.32530777911887,-76146229#1_0,3.982101291360886,-0.9363548986373393,-0.9692499041557312
41.02279022100083,41.2,41.099998474121094,0.01839613914489746,117.74941764000005,-76146229#1_0,4.50874,-1.3845079999999932,101.71413807047281,-76146229#1_0,3.8883029135393636,-0.9379837782152256,-0.9758407473564148
41.12197686000036,41.3,41.20000076293945,0.017441749572753906,118.18628564000005,-76146229#1_0,4.36868,-1.4006000000000007,102.09352474169104,-76146229#1_0,3.7938667121822913,-0.9443620135707231,-1.2198562622070312
41.22410183900138,41.4,41.29999923706055,0.019390344619750977,118.60914764000005,-76146229#1_0,4.22862,-1.4006000000000007,102.46110635230727,-76146229#1_0,3.675816106162256,-1.1805060602003525,-1.2336980104446411
41.31736560200079,41.5,41.400001525878906,0.014419794082641602,119.01800364000005,-76146229#1_0,4.08856,-1.4006000000000007,102.81683049161329,-76146229#1_0,3.557241393060248,-1.185747131020083,-1.1716349124908447
41.41764975500155,41.6,41.5,0.014000892639160156,119.41285364000005,-76146229#1_0,3.9485,-1.4006000000000007,103.16121622854037,-76146229#1_0,3.443857369270811,-1.1338402378943657,-1.143160343170166
41.52106664600069,41.7,41.599998474121094,0.016415119171142578,119.79362612000006,-76146229#1_0,3.8077248,-1.4077520000000021,103.49453912343677,-76146229#1_0,3.3332289489640208,-1.1062842030679043,-1.123477578163147
41.61900323700138,41.8,41.70000076293945,0.014564275741577148,120.15927212000005,-76146229#1_0,3.65646,-1.5126479999999987,103.8171096668849,-76146229#1_0,3.2257054344813105,-1.0752351448271025,-1.1102721691131592
41.7198182760003,41.9,41.79999923706055,0.014811038970947266,120.50972012000005,-76146229#1_0,3.50448,-1.5198,104.12927470893148,-76146229#1_0,3.1216504204657842,-1.040550140155263,-1.3536925315856934
41.81229518100008,42.0,41.900001525878906,0.010093927383422852,120.84497012000006,-76146229#1_0,3.3525,-1.5198,104.43136991091204,-76146229#1_0,3.0209520198055975,-1.0069840066018676,-1.3631207942962646
41.916509801001666,42.1,42.0,0.012457609176635742,121.16502212000006,-76146229#1_0,3.20052,-1.5198,104.7237201063771,-76146229#1_0,2.923501954650578,-0.9745006515501942,-1.355215311050415
42.01927914800035,42.2,42.099998474121094,0.014771461486816406,121.46987612000007,-76146229#1_0,3.04854,-1.5198,105.00663965037555,-76146229#1_0,2.8291954399844306,-0.9430651466614748,-1.3522346019744873
42.11769124100101,42.3,42.20000076293945,0.01372528076171875,121.75958576000006,-76146229#1_0,2.89709639999999,-1.5144360000001011,105.28043275747082,-76146229#1_0,2.737931070952675,-0.9126436903175561,-1.363607406616211
42.21590394500163,42.4,42.29999923706055,0.01153564453125,122.03493776000006,-76146229#1_0,2.75351999999999,-1.4357639999999972,105.54539382885334,-76146229#1_0,2.649610713825169,-0.8832035712750574,-1.3352417945861816
42.31585416500093,42.5,42.400001525878906,0.01266789436340332,122.29598576000006,-76146229#1_0,2.61048,-1.4303999999999029,105.80180776890093,-76146229#1_0,2.56413940047597,-0.8547131334919911,-1.0927770137786865
42.417065968000315,42.6,42.5,0.013228178024291992,122.54272976000007,-76146229#1_0,2.46744,-1.4304000000000006,106.04995029152764,-76146229#1_0,2.481425226267068,-0.8271417420890215,-1.0646342039108276
42.51476836200163,42.7,42.599998474121094,0.011448383331298828,122.77516976000007,-76146229#1_0,2.3244,-1.4304000000000006,106.29008821665026,-76146229#1_0,2.401379251226195,-0.8004597504087307,-1.054280161857605
42.61641931300073,42.8,42.70000076293945,0.01246500015258789,122.99330576000007,-76146229#1_0,2.18136,-1.4303999999999961,106.5224797570915,-76146229#1_0,2.3239154044124466,-0.7746384681374829,-1.0500144958496094
42.718872007000755,42.9,42.79999923706055,0.015102386474609375,123.19713776000007,-76146229#1_0,2.03832,-1.4304000000000006,106.74737479622819,-76146229#1_0,2.248950391366884,-0.7496501304556258,-1.0498493909835815
42.81636075800088,43.0,42.900001525878906,0.012392044067382812,123.38666576000007,-76146229#1_0,1.89528,-1.4304000000000006,106.96501515668305,-76146229#1_0,2.1764036045485975,-0.7254678681828652,-1.0383003950119019
42.91440485400017,43.1,43.0,0.011132001876831055,123.56188976000007,-76146229#1_0,1.75224,-1.4304000000000006,107.17563486034905,-76146229#1_0,2.106197036659933,-0.7020656788866431,-1.0256872177124023
43.016021973000534,43.2,43.099998474121094,0.012703657150268555,123.72280976000008,-76146229#1_0,1.6092,-1.4304000000000006,107.37946038002582,-76146229#1_0,2.038255196767677,-0.67941839892256,-1.0204461812973022
43.11433812700125,43.3,43.20000076293945,0.010516166687011719,123.86942576000007,-76146229#1_0,1.46616,-1.4304000000000006,107.57671088293883,-76146229#1_0,1.9725050291300101,-0.6575016763766706,-1.0223660469055176
43.21538179400159,43.4,43.29999923706055,0.0113372802734375,124.00173776000007,-76146229#1_0,1.32312,-1.4303999999999983,107.76759846640302,-76146229#1_0,1.9088758346419452,-0.6362919448806492,-1.0292208194732666
43.314023991000795,43.5,43.400001525878906,0.010525226593017578,124.11988880000007,-76146229#1_0,1.1815104,-1.416096,107.9523283858845,-76146229#1_0,1.8472991948147857,-0.6157663982715955,-1.0214911699295044
43.42010701900108,43.6,43.5,0.014957666397094727,124.22597680000007,-76146229#1_0,1.06088,-1.2063040000000003,108.13109927570528,-76146229#1_0,1.787708898207857,-0.595902966069286,-0.9689378142356873
43.518225874000564,43.7,43.599998474121094,0.013438224792480469,124.32014480000007,-76146229#1_0,0.941679999999999,-1.1920000000000108,108.30410336262862,-76146229#1_0,1.7300408692334102,-0.5766802897444689,-0.6905767321586609
43.61753883300116,43.8,43.70000076293945,0.013184547424316406,124.40239280000007,-76146229#1_0,0.822479999999999,-1.1919999999999997,108.47152667255443,-76146229#1_0,1.674233099258139,-0.5580776997527126,-0.6688451170921326
43.71441962600147,43.9,43.79999923706055,0.010601520538330078,124.47272080000008,-76146229#1_0,0.703279999999999,-1.1919999999999997,108.63354923054716,-76146229#1_0,1.6202255799272312,-0.5400751933090775,-0.6578757166862488
43.8189594530013,44.0,43.900001525878906,0.013568878173828125,124.53112880000008,-76146229#1_0,0.584080000000001,-1.1919999999999797,108.79034525441108,-76146229#1_0,1.567960238639256,-0.5226534128797522,-0.6481605172157288
43.912596492000375,44.1,44.0,0.008950948715209961,124.57786712000008,-76146229#1_0,0.467383200000001,-1.1669680000000004,108.94208334202133,-76146229#1_0,1.5173808761025058,-0.505793625367501,-0.6392096877098083
44.01832428700072,44.2,44.099998474121094,0.014492034912109375,124.61660712000008,-76146229#1_0,0.3874,-0.7998320000000098,109.0889266526119,-76146229#1_0,1.4684331059056508,-0.48947770196855034,-0.6110413074493408
44.119269016000544,44.3,44.20000076293945,0.014019012451171875,124.64759912000008,-76146229#1_0,0.30992,-0.7748000000000005,109.23103308221567,-76146229#1_0,1.4210642960377267,-0.47368809867924133,-0.3690703809261322
44.21395014000154,44.4,44.29999923706055,0.009536504745483398,124.67084312000009,-76146229#1_0,0.232440000000001,-0.7747999999999896,109.36956786297178,-76146229#1_0,1.3853478075610042,-0.35716488476722486,-0.34439924359321594
44.31603730900133,44.5,44.400001525878906,0.011798620223999023,124.68633912000008,-76146229#1_0,0.154960000000002,-0.7747999999999899,109.50476974782214,-76146229#1_0,1.3520188485035962,-0.3332895905740796,-0.35030198097229004
44.41671103100089,44.6,44.5,0.012407541275024414,124.69408712000009,-76146229#1_0,0.077480000000002,-0.7748,109.6365816135018,-76146229#1_0,1.3181186567966003,-0.33900191706995875,-0.3471660614013672
44.516322904000845,44.7,44.599998474121094,0.012220144271850586,124.69455200000009,-76146229#1_0,0.00464880000000126,-0.7283120000000074,109.76503380761952,-76146229#1_0,1.2845219411771132,-0.33596715619487183,-0.34078243374824524
44.61296041700007,44.8,44.70000076293945,0.008597373962402344,124.69455200000009,-76146229#1_0,0.0,-0.046488000000012596,109.89018810721709,-76146229#1_0,1.25154299597567,-0.32978945201443066,-0.3097310960292816
44.71259100200041,44.9,44.79999923706055,0.007582902908325195,124.69455200000009,-76146229#1_0,0.0,0.0,110.01234500911114,-76146229#1_0,1.2215690189405783,-0.2997397703509175,-0.11213541030883789
44.81219360600153,45.0,44.900001525878906,0.007613182067871094,124.69455200000009,-76146229#1_0,0.0,0.0,110.13341672961512,-76146229#1_0,1.210717205039723,-0.10851813900855323,-0.10265329480171204
44.90971875100149,45.1,45.0,0.007055044174194336,124.69455200000009,-76146229#1_0,0.0,0.0,110.25349503113713,-76146229#1_0,1.2007830152202026,-0.09934189819520434,-0.11398383975028992
45.00937298400095,45.2,45.099998474121094,0.006266593933105469,124.69455200000009,-76146229#1_0,0.0,0.0,110.37247026324222,-76146229#1_0,1.1897523210508196,-0.1103069416938296,-0.11449657380580902
45.113212788000965,45.3,45.20000076293945,0.0074727535247802734,124.69455200000009,-76146229#1_0,0.0,0.0,110.49033746398788,-76146229#1_0,1.178672007456709,-0.11080313594110658,-0.11352486163377762
45.21253149800032,45.4,45.29999923706055,0.007747173309326172,124.69455200000009,-76146229#1_0,0.0,0.0,110.60710603704032,-76146229#1_0,1.167685730524408,-0.10986276932301031,-0.113154835999012
45.313230436000595,45.5,45.400001525878906,0.007317781448364258,124.69455200000009,-76146229#1_0,0.0,0.0,110.72277956329278,-76146229#1_0,1.1567352625245035,-0.10950467999904401,-0.1128726527094841
45.41652262400021,45.6,45.5,0.006961822509765625,124.69455200000009,-76146229#1_0,0.0,0.0,110.83736077355127,-76146229#1_0,1.145812102584876,-0.10923159939627558,-0.1125432476401329
45.512276114001,45.7,45.599998474121094,0.008077621459960938,124.69455200000009,-76146229#1_0,0.0,0.0,110.95085285560678,-76146229#1_0,1.1349208205551857,-0.10891282029690252,-0.11219506710767746
45.60978067900032,45.8,45.70000076293945,0.005602836608886719,124.69455200000009,-76146229#1_0,0.0,0.0,111.06325917894836,-76146229#1_0,1.124063233415733,-0.10857587139452729,-0.1118367537856102
45.71545553800024,45.9,45.79999923706055,0.0059587955474853516,124.69455200000009,-76146229#1_0,0.0,0.0,111.17458321112426,-76146229#1_0,1.113240321759061,-0.1082291165667204,-0.11146749556064606
45.80721745600022,46.0,45.900001525878906,0.005257129669189453,124.69455200000009,-76146229#1_0,0.0,0.0,111.28482852560118,-76146229#1_0,1.102453144769321,-0.10787176989739855,-0.11108671128749847
45.906619223000234,46.1,46.0,0.004406452178955078,124.69455200000009,-76146229#1_0,0.0,0.0,111.39399880738824,-76146229#1_0,1.091702817870531,-0.10750326898790075,-0.11069494485855103
46.01497094900151,46.2,46.099998474121094,0.009511709213256836,124.69455200000009,-76146229#1_0,0.0,0.0,111.50209784777344,-76146229#1_0,1.0809904038519615,-0.10712414018569483,-0.11029253154993057
46.10820543900081,46.3,46.20000076293945,0.004503488540649414,124.69455200000009,-76146229#1_0,0.0,0.0,111.60912954107913,-76146229#1_0,1.070316933056807,-0.10673470795154572,-0.10987978428602219
46.213097215000744,46.4,46.29999923706055,0.008276224136352539,124.69455200000009,-76146229#1_0,0.0,0.0,111.71509788163365,-76146229#1_0,1.0596834055452564,-0.10633527511550556,-0.10945690423250198
46.3060913900008,46.5,46.400001525878906,0.0031523704528808594,124.69455200000009,-76146229#1_0,0.0,0.0,111.82000696182463,-76146229#1_0,1.049090801909853,-0.10592603635403375,-0.10902413725852966
46.41198914800043,46.6,46.5,0.00757288932800293,124.69455200000009,-76146229#1_0,0.0,0.0,111.92386096971957,-76146229#1_0,1.0385400789493502,-0.10550722960502856,-0.10858191549777985
46.50587011800053,46.7,46.599998474121094,0.003131866455078125,124.69455200000009,-76146229#1_0,0.0,0.0,112.02666418488388,-76146229#1_0,1.0280321516431135,-0.1050792730623673,-0.10813037306070328
46.60609782300162,46.8,46.70000076293945,0.004572629928588867,124.69455200000009,-76146229#1_0,0.0,0.0,112.1284209770831,-76146229#1_0,1.0175679219920777,-0.10464229651035772,-0.1076699048280716
46.706048995001765,46.9,46.79999923706055,0.0032815933227539062,124.69455200000009,-76146229#1_0,0.0,0.0,112.22913580246139,-76146229#1_0,1.0071482537829095,-0.10419668209168176,-0.10720057785511017
46.81192973200086,47.0,46.900001525878906,0.009192228317260742,124.69455200000009,-76146229#1_0,0.0,0.0,112.32881320289269,-76146229#1_0,0.9967740043130602,-0.10374249469849328,-0.1067228838801384
46.90518148800038,47.1,47.0,0.0031511783599853516,124.69455200000009,-76146229#1_0,0.0,0.0,112.42745780122193,-76146229#1_0,0.9864459832924016,-0.10328021020658551,-0.10623696446418762
47.00453572800143,47.2,47.099998474121094,0.0031652450561523438,124.69455200000009,-76146229#1_0,0.0,0.0,112.52507429989507,-76146229#1_0,0.9761649867313512,-0.10280996561050415,-0.10574312508106232
47.112447239000176,47.3,47.20000076293945,0.007332324981689453,124.69455200000009,-76146229#1_0,0.0,0.0,112.6216674780029,-76146229#1_0,0.9659317810783452,-0.10233205653006006,-0.105241559445858
47.204802583000856,47.4,47.29999923706055,0.003217458724975586,124.69455200000009,-76146229#1_0,0.0,0.0,112.71724218940642,-76146229#1_0,0.9557471140351976,-0.10184667043147577,-0.10473238676786423
47.30482611700063,47.5,47.400001525878906,0.003140687942504883,124.69455200000009,-76146229#1_0,0.0,0.0,112.81180336158316,-76146229#1_0,0.9456117217673398,-0.10135392267857868,-0.104216068983078
47.41815732500072,47.6,47.5,0.011831521987915039,124.69455200000009,-76146229#1_0,0.0,0.0,112.90535599115682,-76146229#1_0,0.9355262957367193,-0.10085426030620459,-0.10369288921356201
47.51231976700001,47.7,47.599998474121094,0.007287263870239258,124.69455200000009,-76146229#1_0,0.0,0.0,112.99790514115746,-76146229#1_0,0.9254915000063746,-0.10034795730344714,-0.10316284000873566
47.61153834400102,47.8,47.70000076293945,0.0070607662200927734,124.69455200000009,-76146229#1_0,0.0,0.0,113.08945594109349,-76146229#1_0,0.9155079993603679,-0.09983500646006727,-0.10262619704008102
47.71316691100037,47.9,47.79999923706055,0.008202075958251953,124.69455200000009,-76146229#1_0,0.0,0.0,113.18001358428398,-76146229#1_0,0.9055764319048761,-0.0993156745549173,-0.10208337754011154
47.80976579900016,48.0,47.900001525878906,0.0057370662689208984,124.69455200000009,-76146229#1_0,0.0,0.0,113.26958332382085,-76146229#1_0,0.8956973953687363,-0.09879036536139862,-0.10153453052043915
47.9099881430011,48.1,48.0,0.0056629180908203125,124.69455200000009,-76146229#1_0,0.0,0.0,113.35817047112688,-76146229#1_0,0.8858714730603067,-0.09825922308429602,-0.1009797602891922
48.01302871500047,48.2,48.099998474121094,0.008394956588745117,124.69455200000009,-76146229#1_0,0.0,0.0,113.44578039494624,-76146229#1_0,0.8760992381936107,-0.09772234866695984,-0.1004193052649498
48.11200786200061,48.3,48.20000076293945,0.007890701293945312,124.69455200000009,-76146229#1_0,0.0,0.0,113.53241851903724,-76146229#1_0,0.8663812409099059,-0.09717997283704816,-0.09985344856977463
48.21189075000075,48.4,48.29999923706055,0.00757598876953125,124.69455200000009,-76146229#1_0,0.0,0.0,113.61809031943238,-76146229#1_0,0.8567180039515406,-0.0966323695836524,-0.09928243607282639
48.30764698300118,48.5,48.400001525878906,0.0042073726654052734,124.69455200000009,-76146229#1_0,0.0,0.0,113.70280132205909,-76146229#1_0,0.8471100262670735,-0.09607977684467084,-0.09870637208223343
48.40994581800078,48.6,48.5,0.007184505462646484,124.69455200000009,-76146229#1_0,0.0,0.0,113.78655710173017,-76146229#1_0,0.8375577967107284,-0.0955222955634516,-0.09812562167644501
48.5087036670011,48.7,48.599998474121094,0.0054721832275390625,124.69455200000009,-76146229#1_0,0.0,0.0,113.86936327861082,-76146229#1_0,0.8280617688065562,-0.09496027904172144,-0.09754015505313873
48.611919677001424,48.8,48.70000076293945,0.007508993148803711,124.69455200000009,-76146229#1_0,0.0,0.0,113.95122551850709,-76146229#1_0,0.8186223989627041,-0.09439369843852186,-0.09707149863243103
48.71529437400022,48.9,48.79999923706055,0.011321067810058594,124.69460564000009,-76146229#1_0,0.000536400000000146,0.00536400000000146,114.03214835680369,-76146229#1_0,0.8092283829660172,-0.09394015996686877,-0.09660854190587997
48.8138460500013,49.0,48.900001525878906,0.009902000427246094,124.6954996400001,-76146229#1_0,0.00894000000000011,0.08403599999999962,114.112136273727,-76146229#1_0,0.7998791692331901,-0.09349213732827044,-0.08972539752721786
48.90820902900123,49.1,49.0,0.005554676055908203,124.6972876400001,-76146229#1_0,0.0178800000000001,0.08939999999999991,114.19125588035168,-76146229#1_0,0.7911960662466851,-0.08683102986504987,0.009742029942572117
49.01470827400044,49.2,49.099998474121094,0.010317802429199219,124.69996964000009,-76146229#1_0,0.0268200000000002,0.089400000000001,114.27046976468547,-76146229#1_0,0.7921388433379019,0.009427770912167066,0.018635373562574387
49.11305396800162,49.3,49.20000076293945,0.00853872299194336,124.70354564000009,-76146229#1_0,0.0357600000000002,0.0894,114.34986399134407,-76146229#1_0,0.793942266585893,0.018034232479910983,0.01122402772307396
49.21321866800099,49.4,49.29999923706055,0.007853031158447266,124.70801564000008,-76146229#1_0,0.0447000000000002,0.08939999999999997,114.42936683762578,-76146229#1_0,0.7950284628171582,0.010861962312652684,0.009883452206850052
49.31416918300056,49.5,49.400001525878906,0.01007699966430664,124.71441668000008,-76146229#1_0,0.0640104000000004,0.193104000000002,114.50896533021917,-76146229#1_0,0.7959849259339502,0.009564631167919835,0.010391601361334324
49.41427368500081,49.6,49.5,0.01076650619506836,124.73795868000009,-76146229#1_0,0.23542,1.714095999999996,114.5886643866967,-76146229#1_0,0.7969905647753697,0.01005638841419465,0.043747369199991226
49.510116612000274,49.7,49.599998474121094,0.006762266159057617,124.77967868000009,-76146229#1_0,0.417200000000002,1.81780000000002,114.66878680481166,-76146229#1_0,0.8012241811495624,0.04233616374192728,1.2010985612869263
49.609839701000965,49.8,49.70000076293945,0.0069427490234375,124.83957668000009,-76146229#1_0,0.598980000000001,1.8177999999999894,114.76053275739068,-76146229#1_0,0.9174595257902327,1.1623534464067031,1.4560762643814087
49.71055125300154,49.9,49.79999923706055,0.006894111633300781,124.91765268000009,-76146229#1_0,0.780760000000001,1.8178000000000005,114.86636977059274,-76146229#1_0,1.0583701320206915,1.4091060623045881,1.316023588180542
49.80685505300062,50.0,49.900001525878906,0.0041141510009765625,125.01390668000009,-76146229#1_0,0.962539999999998,1.8177999999999694,114.9849424959385,-76146229#1_0,1.185727253457518,1.2735712143682654,1.2843841314315796
49.910550951000914,50.1,50.0,0.008081436157226562,125.12837444000009,-76146229#1_0,1.1446776,1.8213760000000212,115.11594474513682,-76146229#1_0,1.3100224919831547,1.2429523852563662,1.325855016708374
50.005617397000606,50.2,50.099998474121094,0.004187822341918945,125.26158044000009,-76146229#1_0,1.33206,1.8738239999999995,115.25977784933553,-76146229#1_0,1.4383310419871909,1.2830855000403618,1.3561866283416748
50.114704848001566,50.3,50.20000076293945,0.009394168853759766,125.41356044000008,-76146229#1_0,1.5198,1.8774000000000002,115.41673534026015,-76146229#1_0,1.5695749092460627,1.3124386725887183,1.4743033647537231
50.20856518100118,50.4,50.29999923706055,0.005142927169799805,125.58431444000009,-76146229#1_0,1.70754,1.8774000000000002,115.58796028310172,-76146229#1_0,1.7122494284157779,1.4267451916971519,1.5123225450515747
50.30984205200002,50.5,50.400001525878906,0.007116556167602539,125.77384244000008,-76146229#1_0,1.89528,1.8774000000000002,115.77382060541154,-76146229#1_0,1.8586032230981884,1.463537946824105,1.5236587524414062
50.405938045001676,50.6,50.5,0.0034804344177246094,125.98214444000008,-76146229#1_0,2.08302,1.877399999999998,115.97442601242241,-76146229#1_0,2.006054070108647,1.4745084701045874,1.5453964471817017
50.50538945600056,50.7,50.599998474121094,0.003480672836303711,126.20925620000008,-76146229#1_0,2.2711176,1.880976000000003,116.18998686892213,-76146229#1_0,2.1556085649971988,1.4955449488855166,1.5710004568099976
50.605165890001444,50.8,50.70000076293945,0.0036725997924804688,126.45570220000009,-76146229#1_0,2.46446,1.933423999999997,116.42075095564904,-76146229#1_0,2.307640867269134,1.520323022719352,1.601570963859558
50.705159969000306,50.9,50.79999923706055,0.0035247802734375,126.72151820000009,-76146229#1_0,2.65816,1.937000000000002,116.66701411621976,-76146229#1_0,2.4626316057071556,1.5499073843802158,1.692605972290039
50.80818741400071,51.0,50.900001525878906,0.005532979965209961,127.00670420000009,-76146229#1_0,2.85186,1.9369999999999976,116.92965733458684,-76146229#1_0,2.626432183670708,1.638005779635523,1.7220423221588135
50.90973793100056,51.1,51.0,0.006418943405151367,127.31126020000009,-76146229#1_0,3.04556,1.937000000000002,117.20896547865222,-76146229#1_0,2.7930814406538187,1.6664925698311084,1.7290723323822021
51.013593702000435,51.2,51.099998474121094,0.008981943130493164,127.63518620000009,-76146229#1_0,3.23926000000001,1.9370000000000998,117.50500658077291,-76146229#1_0,2.960411021206935,1.673295805531163,1.7417421340942383
51.11115593900104,51.3,51.20000076293945,0.00735926628112793,127.97814248000009,-76146229#1_0,3.42956280000001,1.903028,117.81790325193323,-76146229#1_0,3.1289667116031517,1.6855569039621665,1.7415027618408203
51.21162550000008,51.4,51.29999923706055,0.008969306945800781,128.33514648000008,-76146229#1_0,3.57004000000001,1.4047719999999986,118.1476531756275,-76146229#1_0,3.2974992369425857,1.6853252533943408,1.69155752658844
51.308559135000905,51.5,51.400001525878906,0.006796360015869141,128.70585848000007,-76146229#1_0,3.70712,1.3707999999999032,118.49377301086939,-76146229#1_0,3.4611983524188865,1.6369911547630078,0.8180654644966125
51.41029143600099,51.6,51.5,0.0071086883544921875,129.09027848000008,-76146229#1_0,3.8442,1.3707999999999965,118.84780960867093,-76146229#1_0,3.5403659780153327,0.7916762559644619,0.7554830312728882
51.510047461000795,51.7,51.599998474121094,0.006464958190917969,129.4884064800001,-76146229#1_0,3.98128000000001,1.370800000000103,119.20915733258155,-76146229#1_0,3.6134772391062575,0.7311126109092481,0.9286274909973145
51.605042678000245,51.8,51.70000076293945,0.0036211013793945312,129.9002424800001,-76146229#1_0,4.11836,1.3707999999998988,119.57949177414699,-76146229#1_0,3.7033444156543847,0.8986717654812715,0.9744215607643127
51.70634754900129,51.9,51.79999923706055,0.00494384765625,130.3257507200001,-76146229#1_0,4.2550824,1.3672240000000002,119.95925610178433,-76146229#1_0,3.7976432763735115,0.9429886071912685,0.9715244770050049
51.820351354001104,52.0,51.900001525878906,0.0145263671875,130.7644067200001,-76146229#1_0,4.38656,1.314776000000002,120.34842227919916,-76146229#1_0,3.8916617741481896,0.9401849777467808,0.9865804314613342
51.914683823000814,52.1,52.0,0.01089334487915039,131.21617472000008,-76146229#1_0,4.51768,1.3112000000000013,120.7471360091765,-76146229#1_0,3.98713729977348,0.9547552562529038,0.9351931810379028
52.01983286000177,52.2,52.099998474121094,0.012761592864990234,131.68105472000008,-76146229#1_0,4.6488,1.3111999999999924,121.15489999574454,-76146229#1_0,4.077639865680374,0.905025659068941,0.9480636119842529
52.10747551000168,52.3,52.20000076293945,0.0035932064056396484,132.15904672000008,-76146229#1_0,4.77992,1.3112000000000013,121.57183879146082,-76146229#1_0,4.169387957162721,0.9174809148234697,0.9802581667900085
52.21357306000027,52.4,52.29999923706055,0.005387306213378906,132.65015072000008,-76146229#1_0,4.91104,1.3112000000000013,121.99826395653312,-76146229#1_0,4.264251650723044,0.9486369356032309,1.0017327070236206
52.313781638000364,52.5,52.400001525878906,0.003513336181640625,133.15477796000008,-76146229#1_0,5.0462724,1.3523240000000047,122.43438330909275,-76146229#1_0,4.361193525596298,0.9694187487325401,1.0230845212936401
52.40832098800092,52.6,52.5,0.003790616989135742,133.67895996000007,-76146229#1_0,5.24182,1.9554759999999938,122.88040347960039,-76146229#1_0,4.460201705076328,0.9900817948002949,1.1345523595809937
52.507761147000565,52.7,52.599998474121094,0.00528264045715332,134.22310796000008,-76146229#1_0,5.44148,1.9966000000000061,123.33740318907171,-76146229#1_0,4.569997094713198,1.097953896368704,1.9248148202896118
52.60547713900087,52.8,52.70000076293945,0.003923654556274414,134.78722196000007,-76146229#1_0,5.64114,1.9965999999999973,123.81303013873938,-76146229#1_0,4.756269496676709,1.8627240196351114,1.9015012979507446
52.70928632400137,52.9,52.79999923706055,0.005954742431640625,135.37130196000007,-76146229#1_0,5.8408,1.9965999999999973,124.30705871387109,-76146229#1_0,4.940285751317104,1.8401625464039473,1.8356482982635498
52.80873583900029,53.0,52.900001525878906,0.005523681640625,135.97534796000008,-76146229#1_0,6.04046,1.9966000000000061,124.81885162737309,-76146229#1_0,5.117929135020028,1.7764338370292432,1.8057684898376465
52.91022918800081,53.1,53.0,0.006982326507568359,136.59862688000007,-76146229#1_0,6.2327892,1.9232919999999964,125.348119719809,-76146229#1_0,5.292680924359155,1.7475178933912705,1.7788197994232178
53.02197986000101,53.2,53.099998474121094,0.017672300338745117,137.23038688000008,-76146229#1_0,6.3176,0.8481079999999963,125.89460219740063,-76146229#1_0,5.464824775916241,1.7214385155708545,1.75078284740448
53.10830958400038,53.3,53.20000076293945,0.006385087966918945,137.8698948800001,-76146229#1_0,6.39508,0.7748000000000044,126.45802773480584,-76146229#1_0,5.634255374052158,1.6943059813591699,0.34436967968940735
53.20559843200135,53.4,53.29999923706055,0.004094123840332031,138.5171508800001,-76146229#1_0,6.47256,0.7747999999999955,127.0247858820145,-76146229#1_0,5.667581472086616,0.3332609803445852,0.26379141211509705
53.30925869100065,53.5,53.400001525878906,0.007453203201293945,139.17215488000008,-76146229#1_0,6.55004,0.7748000000000044,127.5940968493404,-76146229#1_0,5.693109673259045,0.2552820117242849,0.49328264594078064
53.408814341000834,53.6,53.5,0.006790876388549805,139.8349068800001,-76146229#1_0,6.62752,0.7747999999999955,128.16818151969153,-76146229#1_0,5.740846703511378,0.4773703025233367,0.5306669473648071
53.50583790900055,53.7,53.599998474121094,0.003920555114746094,140.5054426400001,-76146229#1_0,6.7053576,0.7783760000000051,128.74740167663006,-76146229#1_0,5.792201569385392,0.5135486587401328,0.5142793655395508
53.6104841260003,53.8,53.70000076293945,0.008298873901367188,141.1842866400001,-76146229#1_0,6.78844,0.8308239999999945,129.33159873065446,-76146229#1_0,5.841970540244058,0.49768970858666606,0.522907555103302
53.70933376600078,53.9,53.79999923706055,0.00714874267578125,141.8714746400001,-76146229#1_0,6.87188,0.834400000000004,129.92085618037342,-76146229#1_0,5.892574497189539,0.5060395694548081,0.5800943374633789
53.81185566700151,54.0,53.900001525878906,0.008654356002807617,142.5670066400001,-76146229#1_0,6.95532,0.834400000000004,130.51572744626137,-76146229#1_0,5.948712658879543,0.561381616900043,0.5969299077987671
53.910547174000385,54.1,54.0,0.008710384368896484,143.2708826400001,-76146229#1_0,7.03876,0.8343999999999951,131.11637545319255,-76146229#1_0,6.006480069311682,0.5776741043213907,0.6035203337669373
54.00588645500102,54.2,54.099998474121094,0.004386425018310547,143.9831026400001,-76146229#1_0,7.1222,0.834400000000004,131.72286397948275,-76146229#1_0,6.064885262902031,0.5840519359034868,0.6169738173484802
54.10919277500034,54.3,54.20000076293945,0.007239103317260742,144.7040063600001,-76146229#1_0,7.20903720000001,0.868372000000095,132.3353232201344,-76146229#1_0,6.1245924065164,0.597071436143688,0.6360968351364136
54.2092435450013,54.4,54.29999923706055,0.007266998291015625,145.4385763600001,-76146229#1_0,7.34570000000001,1.3666279999999986,132.95393823660993,-76146229#1_0,6.186150164755408,0.6155775823900811,0.7197411060333252
54.306690152001465,54.5,54.400001525878906,0.0051000118255615234,146.1871523600001,-76146229#1_0,7.48576,1.400599999999903,133.57951848959547,-76146229#1_0,6.255802529855408,0.6965236509999961,1.651925802230835
54.4058484720008,54.6,54.5,0.003621339797973633,146.94973436000012,-76146229#1_0,7.62582000000001,1.4006000000000984,134.22108512131229,-76146229#1_0,6.4156663171680695,1.5986378731266182,1.6365703344345093
54.50700369000151,54.7,54.599998474121094,0.005359649658203125,147.72632236000013,-76146229#1_0,7.76588000000001,1.4006000000000007,134.8784895304591,-76146229#1_0,6.574044091468183,1.5837777430011357,1.5689427852630615
54.610910370000056,54.8,54.70000076293945,0.007817506790161133,148.51691636000012,-76146229#1_0,7.90594000000001,1.4006000000000007,135.55107725688265,-76146229#1_0,6.725877264235576,1.5183317276739317,1.5430197715759277
54.71047809600168,54.9,54.79999923706055,0.006534099578857422,149.32155212000012,-76146229#1_0,8.04635760000001,1.4041759999999925,136.23859743270856,-76146229#1_0,6.875201758259053,1.4932449402347725,1.5204828977584839
54.80963847500061,55.0,54.900001525878906,0.007918357849121094,150.1407541200001,-76146229#1_0,8.19202,1.456623999999902,136.94083195915795,-76146229#1_0,7.022345264493746,1.471435062346922,1.4965425729751587
54.910222388001785,55.1,55.0,0.007446765899658203,150.9745581200001,-76146229#1_0,8.33804,1.4602000000000004,137.65754915566836,-76146229#1_0,7.167171965104245,1.4482670061049951,1.4728204011917114
55.01447548200122,55.2,55.099998474121094,0.010048389434814453,151.8229641200001,-76146229#1_0,8.48406,1.4602000000000004,138.38851945283548,-76146229#1_0,7.309702971671185,1.4253100656693984,1.4495484828948975
55.10814798500178,55.3,55.20000076293945,0.005347728729248047,152.68597212000012,-76146229#1_0,8.63008,1.4602000000000004,139.13351763854675,-76146229#1_0,7.449981857112626,1.402788854414414,1.4266526699066162
55.20470854600171,55.4,55.29999923706055,0.0036308765411376953,153.56358212000012,-76146229#1_0,8.7761,1.4602000000000004,139.8923221404184,-76146229#1_0,7.5880450187164925,1.3806316160386611,1.4041153192520142
55.30817570600084,55.5,55.400001525878906,0.0062713623046875,154.45522196000013,-76146229#1_0,8.9163984,1.4029840000000071,140.664714855057,-76146229#1_0,7.723927146386043,1.358821276695501,1.381933569908142
55.41739964700173,55.6,55.5,0.013852834701538086,155.35249996000013,-76146229#1_0,8.97278,0.5638159999999992,141.45048112037216,-76146229#1_0,7.857662653151347,1.337355067653041,1.3601024150848389
55.510875526000746,55.7,55.599998474121094,0.006937503814697266,156.25484396000013,-76146229#1_0,9.02344,0.5066000000000059,142.2494096671236,-76146229#1_0,7.989285467514396,1.3162281436304912,0.4096050262451172
55.61019517200111,55.8,55.70000076293945,0.007581949234008789,157.16225396000013,-76146229#1_0,9.0741,0.5065999999999882,143.05230213348386,-76146229#1_0,8.028924663602632,0.39639196088236517,0.3547629714012146
55.709143644000505,55.9,55.79999923706055,0.006925106048583984,158.07472996000013,-76146229#1_0,9.12476,0.5066000000000059,143.85862778988994,-76146229#1_0,8.063256564060815,0.34331900458182574,0.4550282061100006
55.81138456700137,56.0,55.900001525878906,0.007737159729003906,158.99227196000012,-76146229#1_0,9.17542,0.5066000000000059,144.66935694506483,-76146229#1_0,8.10729155174888,0.44034987688064575,0.4719679653644562
55.91128663600102,56.1,56.0,0.007277250289916992,159.91450448000012,-76146229#1_0,9.2223252,0.46905199999999425,145.4846535321626,-76146229#1_0,8.152965870977697,0.45674319228817595,0.476103276014328
56.014587729001505,56.2,56.099998474121094,0.009363412857055664,160.8359204800001,-76146229#1_0,9.21416,-0.08165200000000539,146.3045575703186,-76146229#1_0,8.19904038155973,0.460745105820326,0.3571760058403015
56.111388532001,56.3,56.20000076293945,0.0076062679290771484,161.7561444800001,-76146229#1_0,9.20224,-0.1191999999999993,147.12791815046657,-76146229#1_0,8.23360580147976,0.3456541992003004,-1.5145517587661743
56.21162384300078,56.4,56.29999923706055,0.0047876834869384766,162.6751764800001,-76146229#1_0,9.19032,-0.1191999999999993,147.93662177811035,-76146229#1_0,8.087036276437871,-1.4656952504188858,-1.6445155143737793
56.31449710900051,56.5,56.400001525878906,0.00733184814453125,163.5930164800001,-76146229#1_0,9.1784,-0.1191999999999993,148.729410739486,-76146229#1_0,7.927889613756538,-1.591466626813336,-1.4841845035552979
56.40795973100103,56.6,56.5,0.004862546920776367,164.5096644800001,-76146229#1_0,9.16648,-0.1191999999999993,149.50783662502081,-76146229#1_0,7.784258855347961,-1.4363075840857675,-1.4362494945526123
56.50661220100119,56.7,56.599998474121094,0.004999399185180664,165.42508472000011,-76146229#1_0,9.1542024,-0.12277599999999111,150.27236332189864,-76146229#1_0,7.645266968778353,-1.3899188656960781,-1.4113110303878784
56.61034885800109,56.8,56.70000076293945,0.0068738460540771484,166.33875272000012,-76146229#1_0,9.13668,-0.17522400000000715,151.0232321700953,-76146229#1_0,7.508688481966622,-1.3657848681173057,-1.3919826745986938
56.71038729200154,56.9,56.79999923706055,0.0059337615966796875,167.2506327200001,-76146229#1_0,9.1188,-0.17879999999999896,151.7606302182152,-76146229#1_0,7.373980481199007,-1.3470800076761513,-1.5384483337402344
56.80796290800026,57.0,56.900001525878906,0.005724430084228516,168.1607247200001,-76146229#1_0,9.10092,-0.17879999999999896,152.48314005665375,-76146229#1_0,7.225098384385436,-1.488820968135709,-1.5199073553085327
56.9159793480012,57.1,57.0,0.010312557220458984,169.0690287200001,-76146229#1_0,9.08304,-0.17879999999999896,153.19094111423448,-76146229#1_0,7.078010575807191,-1.4708780857824522,-1.474300503730774
57.015139637000175,57.2,57.099998474121094,0.01021432876586914,169.9755447200001,-76146229#1_0,9.06516,-0.17879999999999896,153.88447474758556,-76146229#1_0,6.935336333510665,-1.4267424229652637,-1.4398300647735596
57.11343091600065,57.3,57.20000076293945,0.008761167526245117,170.8802548400001,-76146229#1_0,9.0471012,-0.18058800000000375,154.5640745416001,-76146229#1_0,6.795997940145481,-1.393383933651835,-1.4079946279525757
57.22002540000176,57.4,57.29999923706055,0.006144523620605469,171.7828968400001,-76146229#1_0,9.02642,-0.20681200000000288,155.23004858115058,-76146229#1_0,6.65974039550491,-1.3625754464057138,-1.382086157798767
57.315073724001195,57.5,57.400001525878906,0.0054967403411865234,172.6834528400001,-76146229#1_0,9.00556,-0.20860000000000767,155.88264759336755,-76146229#1_0,6.525990122169546,-1.3375027333536416,-1.4402070045471191
57.41013814800135,57.6,57.5,0.0058710575103759766,173.5819228400001,-76146229#1_0,8.9847,-0.2085999999999899,156.52130911844372,-76146229#1_0,6.38661525076176,-1.3937487140778604,-1.4154963493347168
57.511582172001,57.7,57.599998474121094,0.004109621047973633,174.4783068400001,-76146229#1_0,8.96384,-0.20860000000000767,157.14627229175215,-76146229#1_0,6.249631733084207,-1.3698351767755312,-1.3776217699050903
57.60969521300103,57.8,57.70000076293945,0.006900787353515625,175.3726048400001,-76146229#1_0,8.94298,-0.2085999999999899,157.75790364148085,-76146229#1_0,6.1163134972869395,-1.333182357972671,-1.3455967903137207
57.71561982200001,57.9,57.79999923706055,0.009137392044067383,176.2645665200001,-76146229#1_0,8.9196168,-0.23363200000000361,158.35651308678715,-76146229#1_0,5.986094453063031,-1.302190442239084,-1.3151180744171143
57.8170364860016,58.0,57.900001525878906,0.011558294296264648,177.1505205200001,-76146229#1_0,8.85954,-0.6007679999999915,158.9423955829862,-76146229#1_0,5.858824961990408,-1.2726949107262353,-1.371433973312378
57.91235293700083,58.1,58.0,0.008005857467651367,178.0302165200001,-76146229#1_0,8.79696,-0.6258000000000052,159.515006137508,-76146229#1_0,5.726105545218242,-1.3271941677216592,-0.25529345870018005
58.00997707500028,58.2,58.099998474121094,0.00811004638671875,178.9036545200001,-76146229#1_0,8.73438,-0.6258000000000052,160.08514611017145,-76146229#1_0,5.701399726634353,-0.2470581858388865,-0.25878575444221497
58.11163893500088,58.3,58.20000076293945,0.004402875900268555,179.77083452000008,-76146229#1_0,8.6718,-0.6258000000000052,160.65278170456608,-76146229#1_0,5.676355943946397,-0.25043782687956373,-0.29849255084991455
58.207318730001134,58.4,58.29999923706055,0.0055429935455322266,180.63175652000007,-76146229#1_0,8.60922,-0.6257999999999875,161.21752866137186,-76146229#1_0,5.647469568057695,-0.28886375888701465,-0.2987617254257202
58.309356632000345,58.5,58.400001525878906,0.006242275238037109,181.48622384000006,-76146229#1_0,8.5446732,-0.6454680000000046,161.77938437567352,-76146229#1_0,5.6185571430164964,-0.2891242504119873,-0.297268807888031
58.40780285500114,58.6,58.5,0.005563497543334961,182.33135184000005,-76146229#1_0,8.45128,-0.9339319999999951,162.33836329506013,-76146229#1_0,5.589789193866042,-0.2876794915045444,-0.31061622500419617
58.506899403000716,58.7,58.599998474121094,0.004476070404052734,183.16694384000004,-76146229#1_0,8.35592,-0.9536000000000122,162.89433625097897,-76146229#1_0,5.5597295591882165,-0.30059634677825464,-0.4654907286167145
58.611516531000234,58.8,58.70000076293945,0.007158041000366211,183.99299984000004,-76146229#1_0,8.26056,-0.9535999999999945,163.44580445791118,-76146229#1_0,5.514682069322083,-0.45047489866133716,-0.4846641719341278
58.71007539300081,58.9,58.79999923706055,0.006786823272705078,184.80951984000004,-76146229#1_0,8.1652,-0.9535999999999945,163.99258236640532,-76146229#1_0,5.467779084941361,-0.46902984380722046,-0.4752565324306488
58.811589519000336,59.0,58.900001525878906,0.008296489715576172,185.61650384000004,-76146229#1_0,8.06984,-0.9536000000000122,164.534761018134,-76146229#1_0,5.421786517286782,-0.45992567654578487,-0.4734593629837036
58.909237556001244,59.1,59.0,0.005594015121459961,186.41391608000004,-76146229#1_0,7.9741224,-0.9571759999999951,165.0723578050596,-76146229#1_0,5.375967869256101,-0.4581864803068125,-0.4733029901981354
59.010542160000114,59.2,59.099998474121094,0.006341218948364258,187.20123208000004,-76146229#1_0,7.87316,-1.0096239999999934,165.60537424046717,-76146229#1_0,5.330164354075636,-0.4580351518046477,-0.47508153319358826
59.10854126100094,59.3,59.20000076293945,0.0031528472900390625,187.97841608000004,-76146229#1_0,7.77184,-1.013200000000003,166.13379311265027,-76146229#1_0,5.284188721831096,-0.459756322445406,-0.513240396976471
59.212672921001285,59.4,59.29999923706055,0.003156900405883789,188.74546808000005,-76146229#1_0,7.67052,-1.013200000000003,166.657245142282,-76146229#1_0,5.2345202963172435,-0.496684255138522,-0.5146082043647766
59.31109340700095,59.5,59.400001525878906,0.005235910415649414,189.50238808000006,-76146229#1_0,7.5692,-1.013199999999994,167.17571709251663,-76146229#1_0,5.184719502346459,-0.4980079397078452,-0.5106309056282043
59.41241768300097,59.6,59.5,0.0058591365814208984,190.24917608000007,-76146229#1_0,7.46788,-1.013200000000003,167.68924745334198,-76146229#1_0,5.135303608253407,-0.49415894093051804,-0.5085985064506531
59.51424020500053,59.7,59.599998474121094,0.008940458297729492,190.98583208000008,-76146229#1_0,7.36656,-1.013200000000003,168.19785589313716,-76146229#1_0,5.086084397951731,-0.4921921030167642,-0.5064076781272888
59.61106196700166,59.8,59.70000076293945,0.007108449935913086,191.7123560800001,-76146229#1_0,7.26524,-1.013199999999994,168.7015636134666,-76146229#1_0,5.037077203294251,-0.49007194657479936,-0.5042421817779541
59.712053878000006,59.9,59.79999923706055,0.0075490474700927734,192.4287480800001,-76146229#1_0,7.16392,-1.013200000000003,169.20039157074655,-76146229#1_0,4.98827957279961,-0.4879763049464092,-0.5022289752960205
59.80487017100131,60.0,59.900001525878906,0.00347900390625,193.1350080800001,-76146229#1_0,7.0626,-1.013200000000003,169.6943592476204,-76146229#1_0,4.939676768738705,-0.4860280406090478,-0.500357449054718
59.907887250001295,60.1,60.0,0.0046885013580322266,193.83113608000008,-76146229#1_0,6.96128,-1.013199999999994,170.18348475563246,-76146229#1_0,4.891255080120507,-0.4842168861819829,-0.49834495782852173
60.016134888001034,60.2,60.099998474121094,0.010866403579711914,194.51713208000007,-76146229#1_0,6.85996,-1.013200000000003,170.66778757050423,-76146229#1_0,4.843028148717747,-0.4822693140275991,-0.49580880999565125
60.108102713000335,60.3,60.20000076293945,0.005517482757568359,195.19281728000007,-76146229#1_0,6.75685199999999,-1.0310800000001041,171.14729223560187,-76146229#1_0,4.795046650976232,-0.4798149774151472,-0.493421345949173
60.21258112000032,60.4,60.29999923706055,0.009050369262695312,195.85556928000008,-76146229#1_0,6.62752,-1.2933199999999,171.6220218554161,-76146229#1_0,4.7472961981424415,-0.47750452833790646,-0.5014687776565552
60.31149863600149,60.5,60.400001525878906,0.007019758224487305,196.5052092800001,-76146229#1_0,6.4964,-1.3111999999999924,172.0918985515756,-76146229#1_0,4.698766961595033,-0.48529236547408594,-0.7383118867874146
60.411118543001066,60.6,60.5,0.007719278335571289,197.1417372800001,-76146229#1_0,6.36528,-1.3112000000000013,172.554630293992,-76146229#1_0,4.6273174241639925,-0.7144953743104043,-0.7655088305473328
60.51536447500075,60.7,60.599998474121094,0.011303901672363281,197.76515328000008,-76146229#1_0,6.23416,-1.3112000000000013,173.00995388643537,-76146229#1_0,4.553235924433605,-0.7408149973038736,-0.7352701425552368
60.61280497900043,60.8,60.70000076293945,0.008025646209716797,198.3754572800001,-76146229#1_0,6.10304,-1.3112000000000013,173.45816196137014,-76146229#1_0,4.482080749347615,-0.7115517508599023,-0.7277683615684509
60.70998968800086,60.9,60.79999923706055,0.006693840026855469,198.97247048000008,-76146229#1_0,5.970132,-1.3290799999999958,173.89932711667683,-76146229#1_0,4.411651553066797,-0.7042919628081812,-0.7056013941764832
60.810605633001614,61.0,60.900001525878906,0.006919384002685547,199.55357048000008,-76146229#1_0,5.811,-1.591320000000005,174.3336638713947,-76146229#1_0,4.34336754717875,-0.6828400588804673,-0.6621335744857788
60.91324001200155,61.1,61.0,0.008720874786376953,200.11857848000008,-76146229#1_0,5.65008,-1.6091999999999995,174.76159288184334,-76146229#1_0,4.279290104486578,-0.6407744269217197,-0.7663830518722534
61.01237351100099,61.2,61.099998474121094,0.008515596389770508,200.66749448000007,-76146229#1_0,5.48916,-1.6091999999999995,175.1821052821126,-76146229#1_0,4.205124002692489,-0.7416610179408867,-0.779846727848053
61.11480636300075,61.3,61.20000076293945,0.009279251098632812,201.20031848000008,-76146229#1_0,5.32824,-1.6091999999999995,175.59507077856395,-76146229#1_0,4.129654964513645,-0.754690381788441,-0.7607536315917969
61.21897616200113,61.4,61.29999923706055,0.00681304931640625,201.71705048000007,-76146229#1_0,5.16732,-1.6091999999999995,176.0006741430967,-76146229#1_0,4.056033645327342,-0.7362131918630332,-0.7495080828666687
61.3136586340006,61.5,61.400001525878906,0.01000523567199707,202.21788716000006,-76146229#1_0,5.0083668,-1.5895320000000002,176.39902420360167,-76146229#1_0,3.9835006050499224,-0.7253304027741958,-0.742317795753479
61.41244672300127,61.6,61.5,0.009581565856933594,202.70571316000007,-76146229#1_0,4.87826,-1.3010680000000008,176.7901905435026,-76146229#1_0,3.9116633990092633,-0.7183720604065913,-0.7227315306663513
61.506043631001376,61.7,61.599998474121094,0.004711627960205078,203.18072516000007,-76146229#1_0,4.75012,-1.2814000000000014,177.1743627073003,-76146229#1_0,3.841721637977036,-0.6994176103222749,-0.5549022555351257
61.60642824500064,61.8,61.70000076293945,0.005126953125,203.64292316000007,-76146229#1_0,4.62198,-1.2814000000000014,177.55316484927025,-76146229#1_0,3.788021419699443,-0.5370021827759297,-0.5378717184066772
61.718718007999996,61.9,61.79999923706055,0.013984203338623047,204.09230716000008,-76146229#1_0,4.49384,-1.2814000000000014,177.92676178106205,-76146229#1_0,3.7359693179181517,-0.5205210178129116,-0.546284556388855
61.811183053001514,62.0,61.900001525878906,0.006884336471557617,204.52887716000006,-76146229#1_0,4.3657,-1.2813999999999925,178.29507208811464,-76146229#1_0,3.6831030705256818,-0.5286624739246992,-0.5441814064979553
61.91537190800045,62.1,62.0,0.011785030364990234,204.95252588000005,-76146229#1_0,4.2364872,-1.2921280000000035,178.65811612349142,-76146229#1_0,3.630440353767815,-0.526627167578666,-0.5381380319595337
62.01629703800063,62.2,62.099998474121094,0.011418819427490234,205.36167988000005,-76146229#1_0,4.09154,-1.4494719999999983,179.01595237146213,-76146229#1_0,3.578362479707215,-0.5207787406060005,-0.5378630757331848
62.11427283000012,62.3,62.20000076293945,0.010089635848999023,205.75623188000006,-76146229#1_0,3.94552,-1.4602000000000004,179.3685834928935,-76146229#1_0,3.526311214313681,-0.5205126539353389,-0.6102432608604431
62.209209378001106,62.4,62.29999923706055,0.007180929183959961,206.13618188000007,-76146229#1_0,3.7995,-1.4602000000000004,179.71530903438105,-76146229#1_0,3.4672554148755736,-0.5905579943810757,-0.6118353605270386
62.31029206600033,62.5,62.400001525878906,0.006540536880493164,206.50152988000008,-76146229#1_0,3.65348,-1.4602000000000004,180.05611358850868,-76146229#1_0,3.408045541276183,-0.5920987359939067,-0.5994436144828796
62.40719694500149,62.6,62.5,0.005372047424316406,206.85227588000006,-76146229#1_0,3.50746,-1.4602000000000004,180.39111707539936,-76146229#1_0,3.350034868906872,-0.5801067236931079,-0.5936635136604309
62.5213288820014,62.7,62.599998474121094,0.015187501907348633,207.18824108000007,-76146229#1_0,3.35965199999999,-1.4780800000001015,180.72037543151268,-76146229#1_0,3.292583561133282,-0.5745130777359009,-0.5868080854415894
62.61374584400073,62.8,62.70000076293945,0.009078741073608398,207.50680308000005,-76146229#1_0,3.18561999999999,-1.7403199999999996,181.04395499970238,-76146229#1_0,3.2357956818969993,-0.5678787923628281,-0.5889006853103638
62.71151857800032,62.9,62.79999923706055,0.008382797241210938,207.80778308000006,-76146229#1_0,3.00979999999999,-1.7581999999999987,181.36183552900198,-76146229#1_0,3.1788052929959965,-0.5699038890100283,-0.7281075716018677
62.81574188000013,63.0,62.900001525878906,0.011397600173950195,208.09118108000007,-76146229#1_0,2.83397999999999,-1.7581999999999987,181.67266985599576,-76146229#1_0,3.1083432699377513,-0.7046202305824512,-0.7326973676681519
62.91221246100031,63.1,63.0,0.008243322372436523,208.35699708000007,-76146229#1_0,2.65815999999999,-1.758200000000003,181.97641356330243,-76146229#1_0,3.03743707306664,-0.7090619687111133,-0.7077492475509644
63.015887561001364,63.2,63.099998474121094,0.00822758674621582,208.60523108000007,-76146229#1_0,2.48233999999999,-1.7581999999999987,182.27330808434246,-76146229#1_0,2.9689452104004177,-0.6849186266622231,-0.6975489854812622
63.116849180001736,63.3,63.20000076293945,0.011838674545288086,208.83574004000008,-76146229#1_0,2.30508959999999,-1.7725040000000014,182.56345213132946,-76146229#1_0,2.901440469869973,-0.6750474053044453,-0.6871919631958008
63.212705093001205,63.4,63.29999923706055,0.009331464767456055,209.04642604000009,-76146229#1_0,2.10685999999999,-1.982295999999999,182.84694593351134,-76146229#1_0,2.8349380218187665,-0.6650244805120664,-0.6840871572494507
63.30654206700092,63.5,63.400001525878906,0.005364894866943359,209.23714604000008,-76146229#1_0,1.90719999999999,-1.9965999999999995,183.12381953739725,-76146229#1_0,2.768736038859142,-0.6620198295962432,-0.8066484928131104
63.41155600500133,63.6,63.5,0.009552001953125,209.40790004000007,-76146229#1_0,1.70754,-1.9965999999998996,183.39288686554627,-76146229#1_0,2.6906732814901315,-0.7806275736901069,-0.8061067461967468
63.518735782001386,63.7,63.599998474121094,0.0139312744140625,209.55868804000008,-76146229#1_0,1.50787999999999,-1.9966000000001016,183.6541531606676,-76146229#1_0,2.612662951213027,-0.7801033027710469,-0.7734122276306152
63.617720033000296,63.8,63.70000076293945,0.012903690338134766,209.68951004000007,-76146229#1_0,1.30821999999999,-1.9965999999999995,183.90793482132796,-76146229#1_0,2.5378166066036125,-0.7484634460941431,-0.7553836107254028
63.71647627300081,63.9,63.79999923706055,0.011072874069213867,209.80084880000007,-76146229#1_0,1.1133876,-1.9483239999998991,184.15440631801354,-76146229#1_0,2.464714966855993,-0.7310163974761963,-0.7432839870452881
63.8207872260009,64.0,63.900001525878906,0.006506919860839844,209.89978480000008,-76146229#1_0,0.989359999999997,-1.2402760000000301,184.39368474385677,-76146229#1_0,2.3927842584322554,-0.719307084237375,-0.7003999948501587
63.91141717900064,64.1,64.0,0.005751848220825195,209.98680080000008,-76146229#1_0,0.870159999999997,-1.1919999999999997,184.6261851052337,-76146229#1_0,2.325003613769337,-0.6778064466291855,-0.3510780334472656
64.00750838400018,64.2,64.0999984741211,0.00548100471496582,210.06189680000008,-76146229#1_0,0.750959999999998,-1.1919999999999908,184.8552879372547,-76146229#1_0,2.291028320209924,-0.33975293559412645,-0.3269425332546234
64.11607252400063,64.3,64.19999694824219,0.010596275329589844,210.12507280000008,-76146229#1_0,0.631759999999998,-1.1919999999999997,185.08122680927644,-76146229#1_0,2.259388720217541,-0.31639599992383083,-0.351603239774704
64.21097722900049,64.4,64.30000305175781,0.007939338684082031,210.17632880000008,-76146229#1_0,0.512559999999998,-1.1919999999999997,185.30376306930037,-76146229#1_0,2.225362600239344,-0.34026119978197045,-0.3515366017818451
64.31380196100145,64.5,64.4000015258789,0.00969386100769043,210.21598664000007,-76146229#1_0,0.396578399999998,-1.1598160000000002,185.5228973622103,-76146229#1_0,2.1913429290991657,-0.3401967114017834,-0.3456522822380066
64.40751489800095,64.6,64.5,0.005761384963989258,210.24876664000007,-76146229#1_0,0.327799999999999,-0.6877839999999902,185.73868663303404,-76146229#1_0,2.1578927082374233,-0.3345022086174243,-0.332229346036911
64.51144325200039,64.7,64.5999984741211,0.006830692291259766,210.27499064000008,-76146229#1_0,0.262239999999999,-0.6556000000000001,185.9512607811542,-76146229#1_0,2.1257414812015933,-0.32151227035829955,-0.23214319348335266
64.61218774900044,64.8,64.69999694824219,0.0077610015869140625,210.29465864000008,-76146229#1_0,0.19668,-0.6555999999999897,186.16158838224064,-76146229#1_0,2.103276010864495,-0.2246547033709856,-0.22440044581890106
64.70448166800088,64.9,64.80000305175781,0.0030570030212402344,210.3077706400001,-76146229#1_0,0.13112,-0.6556000000000001,186.36974436610947,-76146229#1_0,2.081559838688472,-0.2171617217602284,-0.22868464887142181
64.80584022400035,65.0,64.9000015258789,0.003981351852416992,210.31432664000008,-76146229#1_0,0.0655599999999999,-0.6556000000000008,186.5756872727312,-76146229#1_0,2.059429066217044,-0.22130772471427917,-0.22781477868556976
64.91380715100058,65.1,65.0,0.008498191833496094,210.31472000000008,-76146229#1_0,0.00393360000000014,-0.6162639999999975,186.7794255202043,-76146229#1_0,2.0373824747313436,-0.22046591485700429,-0.2262268215417862
65.01176387900159,65.2,65.0999984741211,0.008054018020629883,210.31472000000008,-76146229#1_0,0.0,-0.0393360000000014,186.98097447585607,-76146229#1_0,2.0154895565176223,-0.21892918213721302,-0.2192879319190979
65.1116213360001,65.3,65.19999694824219,0.007117748260498047,210.31472000000008,-76146229#1_0,0.0,0.0,187.1804012902312,-76146229#1_0,1.994268143751258,-0.21221412766364356,-0.14659781754016876
65.21605100300076,65.4,65.30000305175781,0.01073002815246582,210.31472000000008,-76146229#1_0,0.0,0.0,187.3784094160495,-76146229#1_0,1.9800812581828544,-0.1418688556840353,-0.14321178197860718
65.31103698100014,65.5,65.4000015258789,0.007870674133300781,210.31472000000008,-76146229#1_0,0.0,0.0,187.57503162139702,-76146229#1_0,1.9662220534752473,-0.13859204707607153,-0.14522387087345123
65.413662768,65.6,65.5,0.007777690887451172,210.31472000000008,-76146229#1_0,0.0,0.0,187.77024843444576,-76146229#1_0,1.9521681304874938,-0.1405392298775343,-0.14483803510665894
65.50927963400136,65.7,65.5999984741211,0.00706171989440918,210.31472000000008,-76146229#1_0,0.0,0.0,187.96406358909024,-76146229#1_0,1.938151546444914,-0.14016584042579883,-0.1442270427942276
65.61412232100156,65.8,65.69999694824219,0.00916147232055664,210.31472000000008,-76146229#1_0,0.0,0.0,188.1564829981593,-76146229#1_0,1.9241940906906339,-0.1395745575428009,-0.14369559288024902
65.71844593300011,65.9,65.80000305175781,0.013006925582885742,210.31472000000008,-76146229#1_0,0.0,0.0,188.34751180471662,-76146229#1_0,1.9102880655731904,-0.13906025117443432,-0.1431703120470047
65.80620694400022,66.0,65.9000015258789,0.0034170150756835938,210.31472000000008,-76146229#1_0,0.0,0.0,188.5371550921251,-76146229#1_0,1.8964328740847707,-0.13855191488419738,-0.14263969659805298
65.91376035200119,66.1,66.0,0.009367227554321289,210.31472000000008,-76146229#1_0,0.0,0.0,188.72541799537294,-76146229#1_0,1.8826290324785075,-0.13803841606263134,-0.14210602641105652
66.00931530900016,66.2,66.0999984741211,0.0064983367919921875,210.31472000000008,-76146229#1_0,0.0,0.0,188.91230567901036,-76146229#1_0,1.8688768363742116,-0.137521961042959,-0.14156998693943024
66.11391416900005,66.3,66.19999694824219,0.01121211051940918,210.31472000000008,-76146229#1_0,0.0,0.0,189.09782333051612,-76146229#1_0,1.8551765150574926,-0.13700321316719055,-0.14103154838085175
66.211888490001,66.4,66.30000305175781,0.007828712463378906,210.31472000000008,-76146229#1_0,0.0,0.0,189.2819761605859,-76146229#1_0,1.8415283006980554,-0.13648214359437194,-0.14049071073532104
66.31193784400057,66.5,66.4000015258789,0.007414102554321289,210.31472000000008,-76146229#1_0,0.0,0.0,189.46476940313246,-76146229#1_0,1.827932425465605,-0.13595875232450316,-0.13994759321212769
66.41190101600114,66.6,66.5,0.007155418395996094,210.31472000000008,-76146229#1_0,0.0,0.0,189.6462083141318,-76146229#1_0,1.8143891099934637,-0.13543315472141382,-0.13940216600894928
66.5119534480018,66.7,66.5999984741211,0.007892131805419922,210.31472000000008,-76146229#1_0,0.0,0.0,189.8262981719117,-76146229#1_0,1.8008985777990492,-0.1349053219441454,-0.13885460793972015
66.61319196800105,66.8,66.69999694824219,0.008563756942749023,210.31472000000008,-76146229#1_0,0.0,0.0,190.00504427542123,-76146229#1_0,1.7874610350952054,-0.13437542703843786,-0.13830487430095673
66.71505954300119,66.9,66.80000305175781,0.009385108947753906,210.31472000000008,-76146229#1_0,0.0,0.0,190.1824519446633,-76146229#1_0,1.7740766924209193,-0.1338434267428612,-0.1377532184123993
66.81287768200127,67.0,66.9000015258789,0.007674217224121094,210.31472000000008,-76146229#1_0,0.0,0.0,190.35852651824334,-76146229#1_0,1.7607457358003644,-0.13330956620554835,-0.13744235038757324
66.90714911600116,67.1,67.0,0.004658222198486328,210.31472000000008,-76146229#1_0,0.0,0.0,190.53327100456156,-76146229#1_0,1.7474448631822121,-0.1330087261815227,-0.13769081234931946
67.0098042410009,67.2,67.0999984741211,0.006667613983154297,210.31472000000008,-76146229#1_0,0.0,0.0,190.70668299914738,-76146229#1_0,1.7341199458580845,-0.1332491732412766,-0.1379076987504959
67.10824749800122,67.3,67.19999694824219,0.006218433380126953,210.31472000000008,-76146229#1_0,0.0,0.0,190.8787604031001,-76146229#1_0,1.7207740395273914,-0.13345906330693103,-0.1380622237920761
67.20497375800005,67.4,67.30000305175781,0.0034716129302978516,210.31472000000008,-76146229#1_0,0.0,0.0,191.04950172101616,-76146229#1_0,1.7074131791604163,-0.13360860366975036,-0.1381894052028656
67.304857774001,67.5,67.4000015258789,0.0034761428833007812,210.31472000000008,-76146229#1_0,0.0,0.0,191.21890572210765,-76146229#1_0,1.6940400109149778,-0.1337316824543855,-0.1382926106452942
67.40516560000106,67.6,67.5,0.003629922866821289,210.31472000000008,-76146229#1_0,0.0,0.0,191.38697140761226,-76146229#1_0,1.6806568550460783,-0.13383155868899488,-0.13837014138698578
67.51091252300102,67.7,67.5999984741211,0.005900859832763672,210.31472000000008,-76146229#1_0,0.0,0.0,191.55369802723249,-76146229#1_0,1.6672661962021764,-0.13390658843901893,-0.13842260837554932
67.61336492400005,67.8,67.69999694824219,0.00789332389831543,210.31472000000008,-76146229#1_0,0.0,0.0,191.71908507322325,-76146229#1_0,1.6538704599077685,-0.13395736294407934,-0.13845008611679077
67.70895825200023,67.9,67.80000305175781,0.005244731903076172,210.31472000000008,-76146229#1_0,0.0,0.0,191.88313227967097,-76146229#1_0,1.6404720644771114,-0.13398395430657128,-0.1384536623954773
67.8103624860014,68.0,67.9000015258789,0.006187915802001953,210.31472000000008,-76146229#1_0,0.0,0.0,192.04583961196647,-76146229#1_0,1.6270733229549683,-0.13398741522143043,-0.13843359053134918
67.91122850900138,68.1,68.0,0.006249904632568359,210.31472000000008,-76146229#1_0,0.0,0.0,192.2072072643536,-76146229#1_0,1.6136765238712893,-0.13396799083678967,-0.13839031755924225
68.0131778290015,68.2,68.0999984741211,0.009097099304199219,210.31472000000008,-76146229#1_0,0.0,0.0,192.36723565560305,-76146229#1_0,1.6002839124945885,-0.13392611376700891,-0.13832466304302216
68.11164642800031,68.3,68.19999694824219,0.007828712463378906,210.31472000000008,-76146229#1_0,0.0,0.0,192.52592542108113,-76146229#1_0,1.5868976547807476,-0.13386257713840832,-0.13823649287223816
68.21105203400111,68.4,68.30000305175781,0.006670236587524414,210.31472000000008,-76146229#1_0,0.0,0.0,192.68327741404752,-76146229#1_0,1.5735199296640794,-0.13377725116668238,-0.13812683522701263
68.30781527100044,68.5,68.4000015258789,0.004202127456665039,210.31472000000008,-76146229#1_0,0.0,0.0,192.8392926957053,-76146229#1_0,1.5601528165775942,-0.13367113086485194,-0.13799592852592468
68.40946732400153,68.6,68.5,0.007171630859375,210.31472000000008,-76146229#1_0,0.0,0.0,192.99397253289345,-76146229#1_0,1.546798371881537,-0.13354444696057177,-0.13784439861774445
68.5076087030011,68.7,68.5999984741211,0.004790782928466797,210.31472000000008,-76146229#1_0,0.0,0.0,193.14731839203046,-76146229#1_0,1.5334585913701424,-0.13339780511394617,-0.13767246901988983
68.61001691000092,68.8,68.69999694824219,0.006646156311035156,210.31472000000008,-76146229#1_0,0.0,0.0,193.29933193695115,-76146229#1_0,1.5201354492069272,-0.13323142163215174,-0.13748082518577576
68.71183290800036,68.9,68.80000305175781,0.007289886474609375,210.31472000000008,-76146229#1_0,0.0,0.0,193.45001502227328,-76146229#1_0,1.506830853221207,-0.13304595985720313,-0.13726958632469177
68.80910834100177,69.0,68.9000015258789,0.005646705627441406,210.31472000000008,-76146229#1_0,0.0,0.0,193.59936969224387,-76146229#1_0,1.4935466997059141,-0.13284153515292774,-0.1370394378900528
68.90623308800059,69.1,69.0,0.0031533241271972656,210.31472000000008,-76146229#1_0,0.0,0.0,193.74739817410585,-76146229#1_0,1.48028481861978,-0.13261881086134242,-0.13679082691669464
69.00498832000085,69.2,69.0999984741211,0.003348112106323242,210.31472000000008,-76146229#1_0,0.0,0.0,193.89410287377186,-76146229#1_0,1.4670469966600999,-0.1323782195968004,-0.13652406632900238
69.11015922700062,69.3,69.19999694824219,0.006323337554931641,210.31472000000008,-76146229#1_0,0.0,0.0,194.03948637279598,-76146229#1_0,1.4538349902411642,-0.13212006418935607,-0.13623985648155212
69.20511008500034,69.4,69.30000305175781,0.003389120101928711,210.31472000000008,-76146229#1_0,0.0,0.0,194.1835514215961,-76146229#1_0,1.440650488001014,-0.1318450224015022,-0.13593830168247223
69.30712310100171,69.5,69.4000015258789,0.004357576370239258,210.31472000000008,-76146229#1_0,0.0,0.0,194.32630093844443,-76146229#1_0,1.4274951684833554,-0.1315531951765858,-0.13561968505382538
69.40949595600068,69.6,69.5,0.006189823150634766,210.31472000000008,-76146229#1_0,0.0,0.0,194.46773800672773,-76146229#1_0,1.4143706828329852,-0.13124485650370277,-0.13528470695018768
69.50651148700126,69.7,69.5999984741211,0.004579782485961914,210.31472000000008,-76146229#1_0,0.0,0.0,194.60786586816957,-76146229#1_0,1.4012786144184508,-0.13092068414534364,-0.13493399322032928
69.6095516940004,69.8,69.69999694824219,0.00537109375,210.31472000000008,-76146229#1_0,0.0,0.0,194.7466879167738,-76146229#1_0,1.38822048604229,-0.13058128376160827,-0.13456730544567108
69.70500987000014,69.9,69.80000305175781,0.003570556640625,210.31472000000008,-76146229#1_0,0.0,0.0,194.88420770113177,-76146229#1_0,1.3751978435798058,-0.1302264246248419,-0.13418546319007874
69.81066588600152,70.0,69.9000015258789,0.008633613586425781,210.31472000000008,-76146229#1_0,0.0,0.0,195.02042891649114,-76146229#1_0,1.362212153593669,-0.12985689986136695,-0.13378863036632538
69.91556372700143,70.1,70.0,0.010715961456298828,210.31472000000008,-76146229#1_0,0.0,0.0,195.15535540316955,-76146229#1_0,1.3492648667840248,-0.12947286809644298,-0.1333775669336319
70.0119166530003,70.2,70.0999984741211,0.007820844650268555,210.31472000000008,-76146229#1_0,0.0,0.0,195.28899113920022,-76146229#1_0,1.3363573603065766,-0.12907506477448205,-0.13295204937458038
70.10828272800063,70.3,70.19999694824219,0.004701137542724609,210.31472000000008,-76146229#1_0,0.0,0.0,195.421340242495,-76146229#1_0,1.3234910329477463,-0.1286632735883031,-0.13251294195652008
70.21602935200099,70.4,70.30000305175781,0.005952119827270508,210.31472000000008,-76146229#1_0,0.0,0.0,195.55240696248052,-76146229#1_0,1.3106671998551798,-0.12823833092566517,-0.13206051290035248
70.31709496800067,70.5,70.4000015258789,0.006247043609619141,210.31472000000008,-76146229#1_0,0.0,0.0,195.68219567750248,-76146229#1_0,1.2978871502196618,-0.12780049635517932,-0.13159506022930145
70.40976840800067,70.6,70.5,0.005872249603271484,210.31472000000008,-76146229#1_0,0.0,0.0,195.81071089194157,-76146229#1_0,1.2851521443910197,-0.12735005828642176,-0.131116583943367
70.51187658900017,70.7,70.5999984741211,0.007336139678955078,210.31472000000008,-76146229#1_0,0.0,0.0,195.93795723621346,-76146229#1_0,1.2724634427190809,-0.12688701671938807,-0.1306261271238327
70.60684917900107,70.8,70.69999694824219,0.004331827163696289,210.31472000000008,-76146229#1_0,0.0,0.0,196.0639394566745,-76146229#1_0,1.259822204610323,-0.12641238108757946,-0.13012343645095825
70.7097476580002,70.9,70.80000305175781,0.006775856018066406,210.31472000000008,-76146229#1_0,0.0,0.0,196.1886624180731,-76146229#1_0,1.2472296139860366,-0.12592590624286304,-0.12960903346538544
70.81462298900078,71.0,70.9000015258789,0.009757280349731445,210.31472000000008,-76146229#1_0,0.0,0.0,196.3121310985027,-76146229#1_0,1.234686804295838,-0.12542809690198498,-0.12908340990543365
70.91234445200098,71.1,71.0,0.008752584457397461,210.31472000000008,-76146229#1_0,0.0,0.0,196.43435058464289,-76146229#1_0,1.222194861401764,-0.12491942894074182,-0.12854687869548798
71.00752063300024,71.2,71.0999984741211,0.004566192626953125,210.31472000000008,-76146229#1_0,0.0,0.0,196.55532606873118,-76146229#1_0,1.2097548408828458,-0.12440020518918127,-0.12799957394599915
71.10867328900167,71.3,71.19999694824219,0.005527973175048828,210.31472000000008,-76146229#1_0,0.0,0.0,196.67506284726514,-76146229#1_0,1.1973677853396847,-0.12387055543161107,-0.12744171917438507
71.21012250500098,71.4,71.30000305175781,0.0051844120025634766,210.31472000000008,-76146229#1_0,0.0,0.0,196.79356631883937,-76146229#1_0,1.1850347157421635,-0.12333069597521229,-0.12687388062477112
71.30464340600156,71.5,71.4000015258789,0.003206491470336914,210.31472000000008,-76146229#1_0,0.0,0.0,196.91084197866562,-76146229#1_0,1.172756598262347,-0.12278117479816553,-0.1262962371110916
71.41092862900041,71.6,71.5,0.008090972900390625,210.31472000000008,-76146229#1_0,0.0,0.0,197.0268954168424,-76146229#1_0,1.1605343817677252,-0.1222221649462174,-0.12570922076702118
71.51522471200042,71.7,71.5999984741211,0.010696887969970703,210.31472000000008,-76146229#1_0,0.0,0.0,197.14173231417303,-76146229#1_0,1.1483689733064006,-0.12165408461324523,-0.1251130998134613
71.60712905800028,71.8,71.69999694824219,0.004521608352661133,210.31472000000008,-76146229#1_0,0.0,0.0,197.25535843957,-76146229#1_0,1.136261253969614,-0.12107719336786671,-0.12450800836086273
71.70831705700039,71.9,71.80000305175781,0.00638127326965332,210.31472000000008,-76146229#1_0,0.0,0.0,197.367779648757,-76146229#1_0,1.1242120918701757,-0.12049162099438293,-0.12389414012432098
71.8098043580012,72.0,71.9000015258789,0.006039857864379883,210.31472000000008,-76146229#1_0,0.0,0.0,197.4790018823944,-76146229#1_0,1.1122223363742736,-0.11989755495902088,-0.12327225506305695
71.90913603800072,72.1,72.0,0.005211353302001953,210.31472000000008,-76146229#1_0,0.0,0.0,197.58903115872477,-76146229#1_0,1.1002927633036552,-0.11929573070618371,-0.12264221161603928
72.00826392600175,72.2,72.0999984741211,0.005221366882324219,210.31472000000008,-76146229#1_0,0.0,0.0,197.69787357494272,-76146229#1_0,1.0884241621795223,-0.11868601124132905,-0.12200447171926498
72.1197530770005,72.3,72.19999694824219,0.01399540901184082,210.31472000000008,-76146229#1_0,0.0,0.0,197.80553530272468,-76146229#1_0,1.0766172778195935,-0.11806884359928826,-0.12135918438434601
72.21234861500125,72.4,72.30000305175781,0.009348154067993164,210.31472000000008,-76146229#1_0,0.0,0.0,197.91202258678678,-76146229#1_0,1.0648728406211083,-0.11744437198485169,-0.12070675194263458
72.31765570100106,72.5,72.4000015258789,0.012073755264282227,210.31472000000008,-76146229#1_0,0.0,0.0,198.01734174099138,-76146229#1_0,1.0531915420460147,-0.1168129857509359,-0.12004712224006653
72.40862315900085,72.6,72.5,0.006425380706787109,210.31472000000008,-76146229#1_0,0.0,0.0,198.12149914885174,-76146229#1_0,1.0415740786034275,-0.11617463442587184,-0.11938118934631348
72.50941351000074,72.7,72.5999984741211,0.006751537322998047,210.31472000000008,-76146229#1_0,0.0,0.0,198.2245012548797,-76146229#1_0,1.0300210602795907,-0.11553018323836817,-0.11870861053466797
72.60803367400149,72.8,72.69999694824219,0.00522613525390625,210.31472000000008,-76146229#1_0,0.0,0.0,198.32635456790248,-76146229#1_0,1.0185331302278486,-0.1148793005174209,-0.11802969872951508
72.70757546000095,72.9,72.80000305175781,0.005776405334472656,210.31472000000008,-76146229#1_0,0.0,0.0,198.42706565803434,-76146229#1_0,1.0071109013185406,-0.11422228909307997,-0.117344930768013
72.81151352100096,73.0,72.9000015258789,0.006962776184082031,210.31472000000008,-76146229#1_0,0.0,0.0,198.52664115206198,-76146229#1_0,0.9957549402764748,-0.11355961042065821,-0.11665444076061249
72.90983397500167,73.1,73.0,0.006969928741455078,210.31472000000008,-76146229#1_0,0.0,0.0,198.6250877321468,-76146229#1_0,0.9844658008480285,-0.11289139428446338,-0.1159585565328598
73.00698330700106,73.2,73.0999984741211,0.00533294677734375,210.31472000000008,-76146229#1_0,0.0,0.0,198.72241213265224,-76146229#1_0,0.9732440050545259,-0.11221795793502576,-0.11540041118860245
73.10819948300013,73.3,73.19999694824219,0.006328105926513672,210.31472000000008,-76146229#1_0,0.0,0.0,198.8186197549849,-76146229#1_0,0.9620762233265966,-0.11167781727929316,-0.1148500069975853
73.20913693200055,73.4,73.30000305175781,0.006643533706665039,210.31472000000008,-76146229#1_0,0.0,0.0,198.91371592563692,-76146229#1_0,0.9509617065203787,-0.11114516806217889,-0.11429277807474136
73.30906622700059,73.5,73.4000015258789,0.006548166275024414,210.31472000000008,-76146229#1_0,0.0,0.0,199.0077060371463,-76146229#1_0,0.9399011150937908,-0.11060591426587885,-0.11373645067214966
73.40861284100174,73.6,73.5,0.006758213043212891,210.31472000000008,-76146229#1_0,0.0,0.0,199.1005954733266,-76146229#1_0,0.9288943618029376,-0.1100675329085321,-0.1131676509976387
73.50684074900164,73.7,73.5999984741211,0.004639625549316406,210.31472000000008,-76146229#1_0,0.0,0.0,199.1923897386908,-76146229#1_0,0.9179426536418758,-0.10951708161061835,-0.11258089542388916
73.60596691500177,73.8,73.69999694824219,0.004384279251098633,210.31472000000008,-76146229#1_0,0.0,0.0,199.2830945115186,-76146229#1_0,0.9070477282782736,-0.10894925363602148,-0.11198285222053528
73.71006313500038,73.9,73.80000305175781,0.007463693618774414,210.31472000000008,-76146229#1_0,0.0,0.0,199.37271557932496,-76146229#1_0,0.8962106780633831,-0.10837050214890565,-0.11137540638446808
73.80868899600137,74.0,73.9000015258789,0.006059408187866211,210.31472000000008,-76146229#1_0,0.0,0.0,199.4612588206179,-76146229#1_0,0.8854324129294022,-0.10778265133980836,-0.1108037456870079
73.90927112200006,74.1,74.0,0.00647735595703125,210.31472000000008,-76146229#1_0,0.0,0.0,199.54872976759773,-76146229#1_0,0.8747094697984015,-0.1072294313100075,-0.11022970825433731
74.01369245400019,74.2,74.0999984741211,0.010175228118896484,210.31472000000008,-76146229#1_0,0.0,0.0,199.63513397546544,-76146229#1_0,0.864042078677014,-0.10667391121387482,-0.10964091867208481
74.11222685600114,74.3,74.19999694824219,0.010009050369262695,210.31472000000008,-76146229#1_0,0.0,0.0,199.7204771421847,-76146229#1_0,0.8534316671926186,-0.10610411484395343,-0.10903966426849365
74.21148160800112,74.4,74.30000305175781,0.008099555969238281,210.31472000000008,-76146229#1_0,0.0,0.0,199.80476508634652,-76146229#1_0,0.8428794416182483,-0.105522255743703,-0.1084195151925087
74.31004914600089,74.5,74.4000015258789,0.008461952209472656,210.31472000000008,-76146229#1_0,0.0,0.0,199.88800380939358,-76146229#1_0,0.8323872304705863,-0.10492211147662078,-0.10784833878278732
74.41182588600168,74.6,74.5,0.008327007293701172,210.31472000000008,-76146229#1_0,0.0,0.0,199.9701988388395,-76146229#1_0,0.8219502944593488,-0.10436936011237519,-0.10726656764745712
74.51247309600149,74.7,74.5999984741211,0.009029865264892578,210.31472000000008,-76146229#1_0,0.0,0.0,200.05135580472756,-76146229#1_0,0.8115696588805625,-0.10380635578786213,-0.10667058825492859
74.61026306200074,74.8,74.69999694824219,0.007451295852661133,210.31472000000008,-76146229#1_0,0.0,0.0,200.13148047460024,-76146229#1_0,0.8012466987268597,-0.1032296015370282,-0.1060585156083107
74.71172924300117,74.9,74.80000305175781,0.009122133255004883,210.31472000000008,-76146229#1_0,0.0,0.0,200.21057877174124,-76146229#1_0,0.7909829714099265,-0.10263727316933258,-0.10545224696397781
74.81215793900083,75.0,74.9000015258789,0.009140253067016602,210.31472000000008,-76146229#1_0,0.0,0.0,200.28865656326644,-76146229#1_0,0.7807779152521221,-0.10205056157804315,-0.10487339645624161
74.9135805650003,75.1,75.0,0.009657859802246094,210.31472000000008,-76146229#1_0,0.0,0.0,200.36571945095497,-76146229#1_0,0.7706288768853891,-0.10149038366733087,-0.1042817011475563
75.01903961900098,75.2,75.0999984741211,0.011537790298461914,210.31472000000008,-76146229#1_0,0.0,0.0,200.44177316089048,-76146229#1_0,0.7605370993549804,-0.10091777530408685,-0.10367736965417862
75.11657748300058,75.3,75.19999694824219,0.010066747665405273,210.31472000000008,-76146229#1_0,0.0,0.0,200.51682354144222,-76146229#1_0,0.7505038055174792,-0.10033293837501178,-0.10304871201515198
75.21324358900165,75.4,75.30000305175781,0.009883403778076172,210.31472000000008,-76146229#1_0,0.0,0.0,200.59087667639383,-76146229#1_0,0.7405313495160128,-0.09972456001466345,-0.10246188938617706
75.31363515500016,75.5,75.4000015258789,0.009434938430786133,210.31472000000008,-76146229#1_0,0.0,0.0,200.66393824467394,-76146229#1_0,0.7306156828012215,-0.09915666714791382,-0.10187586396932602
75.4124963610011,75.6,75.5,0.009406805038452148,210.31472000000008,-76146229#1_0,0.0,0.0,200.7360139174963,-76146229#1_0,0.7207567282235448,-0.09858954577676715,-0.1012733206152916
75.51378319000105,75.7,75.5999984741211,0.011680126190185547,210.31472000000008,-76146229#1_0,0.0,0.0,200.80710952592563,-76146229#1_0,0.7109560842930327,-0.09800643930512054,-0.10065517574548721
75.61086344000068,75.8,75.69999694824219,0.008708000183105469,210.31472000000008,-76146229#1_0,0.0,0.0,200.877231052009,-76146229#1_0,0.701215260833792,-0.09740823459240655,-0.1000310555100441
75.71329205000075,75.9,75.80000305175781,0.01033639907836914,210.31472000000008,-76146229#1_0,0.0,0.0,200.9463845356197,-76146229#1_0,0.6915348361070136,-0.09680424726778436,-0.09944802522659302
75.8106754140008,76.0,75.9000015258789,0.008582830429077148,210.31472000000008,-76146229#1_0,0.0,0.0,201.01457561898627,-76146229#1_0,0.6819108336657305,-0.09624002441283142,-0.09885185211896896
75.91030568900169,76.1,76.0,0.008095502853393555,210.31472000000008,-76146229#1_0,0.0,0.0,201.0818100715259,-76146229#1_0,0.6723445253961529,-0.09566308269577606,-0.09823989123106003
76.02004613600002,76.2,76.0999984741211,0.015728235244750977,210.31472000000008,-76146229#1_0,0.0,0.0,201.1480938154407,-76146229#1_0,0.6628374391479858,-0.09507086248167096,-0.09760478138923645
76.11500804200114,76.3,76.19999694824219,0.01129770278930664,210.31472000000008,-76146229#1_0,0.0,0.0,201.21343299695494,-76146229#1_0,0.6533918151425758,-0.09445624005409936,-0.09700074791908264
76.21481389400105,76.4,76.30000305175781,0.012360572814941406,210.31472000000008,-76146229#1_0,0.0,0.0,201.27783346155385,-76146229#1_0,0.6440046459891162,-0.09387169153459607,-0.09641022980213165
76.31380764500136,76.5,76.4000015258789,0.01213979721069336,210.31472000000008,-76146229#1_0,0.0,0.0,201.34130092392888,-76146229#1_0,0.6346746237502002,-0.09330022238915991,-0.09580137580633163
76.41673158400044,76.6,76.5,0.01349782943725586,210.31472000000008,-76146229#1_0,0.0,0.0,201.40384127621545,-76146229#1_0,0.6254035228657165,-0.09271100884483685,-0.09517759084701538
76.51604987000064,76.7,76.5999984741211,0.012842893600463867,210.31472000000008,-76146229#1_0,0.0,0.0,201.4654605550422,-76146229#1_0,0.6161927882676183,-0.09210734598098291,-0.09453298896551132
76.61692725400098,76.8,76.69999694824219,0.013476848602294922,210.31472000000008,-76146229#1_0,0.0,0.0,201.52616499849188,-76146229#1_0,0.6070444344967623,-0.09148353770855988,-0.09394529461860657
76.71717121800066,76.9,76.80000305175781,0.012964725494384766,210.31472000000008,-76146229#1_0,0.0,0.0,201.5859602939291,-76146229#1_0,0.5979529543723809,-0.09091480124381324,-0.09334496408700943
76.81552105000083,77.0,76.9000015258789,0.01219487190246582,210.31472000000008,-76146229#1_0,0.0,0.0,201.6448522510042,-76146229#1_0,0.5889195707510575,-0.09033383621323443,-0.09272430092096329
76.91155565300141,77.1,77.0,0.009132146835327148,210.31472000000008,-76146229#1_0,0.0,0.0,201.7028468761349,-76146229#1_0,0.5799462513070933,-0.08973319443964178,-0.09208107739686966
77.02022812300129,77.2,77.0999984741211,0.015476465225219727,210.31472000000008,-76146229#1_0,0.0,0.0,201.75995039406502,-76146229#1_0,0.5710351793009446,-0.08911072006148713,-0.0914602056145668
77.11254810500031,77.3,77.19999694824219,0.00958108901977539,210.31472000000008,-76146229#1_0,0.0,0.0,201.8161688132311,-76146229#1_0,0.5621841916608252,-0.08850987640119379,-0.09086355566978455
77.21671712600073,77.4,77.30000305175781,0.013034343719482422,210.31472000000008,-76146229#1_0,0.0,0.0,201.8715079076649,-76146229#1_0,0.5533909443379429,-0.08793247322882336,-0.09024816751480103
77.31554371400125,77.5,77.4000015258789,0.012104272842407227,210.31472000000008,-76146229#1_0,0.0,0.0,201.92597363273563,-76146229#1_0,0.5446572507074783,-0.08733693630464612,-0.08961717784404755
77.41738519000137,77.6,77.5,0.013218402862548828,210.31472000000008,-76146229#1_0,0.0,0.0,201.97957209479497,-76146229#1_0,0.5359846205935382,-0.08672630113940039,-0.08895375579595566
77.51505275800082,77.7,77.5999984741211,0.012368917465209961,210.31472000000008,-76146229#1_0,0.0,0.0,202.0323097140563,-76146229#1_0,0.5273761926132845,-0.08608427980253741,-0.08835843950510025
77.61401438100074,77.8,77.69999694824219,0.010548114776611328,210.31472000000008,-76146229#1_0,0.0,0.0,202.08419225164502,-76146229#1_0,0.5188253758869845,-0.08550816726299981,-0.08775229752063751
77.71571050300008,77.9,77.80000305175781,0.013639450073242188,210.31472000000008,-76146229#1_0,0.0,0.0,202.13522557345127,-76146229#1_0,0.5103332180624067,-0.08492157824577795,-0.08712361752986908
77.81399409900041,78.0,77.9000015258789,0.011644840240478516,210.31472000000008,-76146229#1_0,0.0,0.0,202.18541576347496,-76146229#1_0,0.5019019002369355,-0.0843131782547124,-0.08647046983242035
77.9127785690016,78.1,78.0,0.009598493576049805,210.31472000000008,-76146229#1_0,0.0,0.0,202.23476914250028,-76146229#1_0,0.49353379025315286,-0.08368109983782623,-0.08583015203475952
78.01989019100074,78.2,78.0999984741211,0.015940427780151367,210.31472000000008,-76146229#1_0,0.0,0.0,202.28329190715107,-76146229#1_0,0.48522764650785355,-0.0830614374529931,-0.08522836118936539
78.1136076690018,78.3,78.19999694824219,0.01127481460571289,210.31472000000008,-76146229#1_0,0.0,0.0,202.3309898812097,-76146229#1_0,0.47697974058630205,-0.08247905921551502,-0.08460640907287598
78.21650504700119,78.4,78.30000305175781,0.013033151626586914,210.31472000000008,-76146229#1_0,0.0,0.0,202.37786908356762,-76146229#1_0,0.46879202357924954,-0.08187717007052508,-0.0839647427201271
78.31489726700056,78.5,78.4000015258789,0.012064218521118164,210.31472000000008,-76146229#1_0,0.0,0.0,202.4239357238992,-76146229#1_0,0.46066640331601144,-0.08125620263238098,-0.08328849077224731
78.41874799600009,78.6,78.5,0.01574230194091797,210.31472000000008,-76146229#1_0,0.0,0.0,202.46919634657817,-76146229#1_0,0.45260622678966494,-0.08060176526346496,-0.0825808048248291
78.52010471000176,78.7,78.5999984741211,0.01672816276550293,210.31472000000008,-76146229#1_0,0.0,0.0,202.51365780017818,-76146229#1_0,0.4446145360001654,-0.07991690789499573,-0.08182291686534882
78.62164167800074,78.8,78.69999694824219,0.018110990524291992,210.31472000000008,-76146229#1_0,0.0,0.0,202.55732741909887,-76146229#1_0,0.4366961892067445,-0.0791834679342085,-0.08117920160293579
78.71559114200136,78.9,78.80000305175781,0.012754678726196289,210.31472000000008,-76146229#1_0,0.0,0.0,202.60021143284274,-76146229#1_0,0.42884013743871846,-0.07856051768026062,-0.08053554594516754
78.81687067000166,79.0,78.9000015258789,0.013437271118164062,210.31472000000008,-76146229#1_0,0.0,0.0,202.64231607033554,-76146229#1_0,0.4210463749278958,-0.07793762510822644,-0.07986243814229965
78.91769718600153,79.1,79.0,0.013961553573608398,210.31472000000008,-76146229#1_0,0.0,0.0,202.68364784552372,-76146229#1_0,0.4133177518818668,-0.07728623046029004,-0.07927339524030685
79.02212539300126,79.2,79.0999984741211,0.01752495765686035,210.31472000000008,-76146229#1_0,0.0,0.0,202.72421245882248,-76146229#1_0,0.40564613298764357,-0.07671618894223242,-0.0786668211221695
79.11774296800104,79.3,79.19999694824219,0.01453542709350586,210.31472000000008,-76146229#1_0,0.0,0.0,202.76401578030394,-76146229#1_0,0.3980332148145304,-0.07612918173113159,-0.07802730798721313
79.21732524400068,79.4,79.30000305175781,0.013412237167358398,210.31472000000008,-76146229#1_0,0.0,0.0,202.80306399880487,-76146229#1_0,0.39048218500931625,-0.0755102980521416,-0.07736817747354507
79.31652485300037,79.5,79.4000015258789,0.013062238693237305,210.31472000000008,-76146229#1_0,0.0,0.0,202.84136349300766,-76146229#1_0,0.38299494202800544,-0.07487242981310815,-0.07668201625347137
79.41255441800058,79.6,79.5,0.010299205780029297,210.31472000000008,-76146229#1_0,0.0,0.0,202.8789209031822,-76146229#1_0,0.37557410174541145,-0.07420840282593988,-0.07597438991069794
79.51216001100147,79.7,79.5999984741211,0.008734703063964844,210.31472000000008,-76146229#1_0,0.0,0.0,202.91574307732535,-76146229#1_0,0.36822174143147296,-0.07352360313938489,-0.07530982792377472
79.61617735200161,79.8,79.69999694824219,0.013313055038452148,210.31472000000008,-76146229#1_0,0.0,0.0,202.95183644668214,-76146229#1_0,0.36093369356788185,-0.07288047863591107,-0.07466566562652588
79.71510920600122,79.9,79.80000305175781,0.010779142379760742,210.31472000000008,-76146229#1_0,0.0,0.0,202.98720724508124,-76146229#1_0,0.3537079839911213,-0.07225709576760553,-0.07399638742208481
79.81633761000012,80.0,79.9000015258789,0.012435674667358398,210.31472000000008,-76146229#1_0,0.0,0.0,203.02186194940853,-76146229#1_0,0.346547043272855,-0.07160940718266284,-0.07330258935689926
79.91480856200178,80.1,80.0,0.01083230972290039,210.31472000000008,-76146229#1_0,0.0,0.0,203.0558072738388,-76146229#1_0,0.3394532443028325,-0.07093798970022491,-0.07259145379066467
80.01913189000152,80.2,80.0999984741211,0.015673160552978516,210.31472000000008,-76146229#1_0,0.0,0.0,203.0890501003292,-76146229#1_0,0.33242826490373595,-0.07024979399096576,-0.07186392694711685
80.1188676590009,80.3,80.19999694824219,0.014029264450073242,210.31472000000008,-76146229#1_0,0.0,0.0,203.12159746946202,-76146229#1_0,0.3254736913282085,-0.06954573575527423,-0.07119730859994888
80.21822810000049,80.4,80.30000305175781,0.013829231262207031,210.31472000000008,-76146229#1_0,0.0,0.0,203.15345583238258,-76146229#1_0,0.3185836292056328,-0.06890062122575702,-0.0705188661813736
80.31534031700176,80.5,80.4000015258789,0.011580228805541992,210.31472000000008,-76146229#1_0,0.0,0.0,203.18463175466266,-76146229#1_0,0.3117592228009838,-0.06824406404649042,-0.06981177628040314
80.4160374410003,80.6,80.5,0.012980461120605469,210.31472000000008,-76146229#1_0,0.0,0.0,203.21513207910778,-76146229#1_0,0.30500324445126736,-0.06755978349716418,-0.06908503919839859
80.51885984900036,80.7,80.5999984741211,0.014150619506835938,210.31472000000008,-76146229#1_0,0.0,0.0,203.24496383865744,-76146229#1_0,0.29831759549658365,-0.0668564895468371,-0.06836006045341492
80.61788956700002,80.8,80.69999694824219,0.014110088348388672,210.31472000000008,-76146229#1_0,0.0,0.0,203.27413404923496,-76146229#1_0,0.29170210577528544,-0.06615489721298218,-0.0676858052611351
80.71324372600066,80.9,80.80000305175781,0.009888410568237305,210.31472000000008,-76146229#1_0,0.0,0.0,203.3026492358906,-76146229#1_0,0.2851518665564659,-0.06550239218819531,-0.06699112802743912
80.81653191600162,81.0,80.9000015258789,0.01168060302734375,210.31472000000008,-76146229#1_0,0.0,0.0,203.33051612130728,-76146229#1_0,0.2786688541667137,-0.06483012389752185,-0.06626642495393753
80.9143607950009,81.1,81.0,0.010185956954956055,210.31472000000008,-76146229#1_0,0.0,0.0,203.35774171874053,-76146229#1_0,0.2722559743324617,-0.06412879834252039,-0.06552506983280182
81.01656835400172,81.2,81.0999984741211,0.01172947883605957,210.31472000000008,-76146229#1_0,0.0,0.0,203.38433320259475,-76146229#1_0,0.26591483854219056,-0.06341135790271124,-0.06476715952157974
81.1165230680017,81.3,81.19999694824219,0.012759923934936523,210.31472000000008,-76146229#1_0,0.0,0.0,203.41029790748584,-76146229#1_0,0.25964704891106993,-0.06267789631120624,-0.06407564878463745
81.22028225900067,81.4,81.30000305175781,0.014940738677978516,210.31472000000008,-76146229#1_0,0.0,0.0,203.43564252545323,-76146229#1_0,0.25344617967384697,-0.06200869237222961,-0.06336599588394165
81.316468979001,81.5,81.4000015258789,0.012596368789672852,210.31472000000008,-76146229#1_0,0.0,0.0,203.46037392410562,-76146229#1_0,0.2473139865237881,-0.06132193150058862,-0.06262621283531189
81.42795945100079,81.6,81.5,0.015134811401367188,210.31472000000008,-76146229#1_0,0.0,0.0,203.4844992626338,-76146229#1_0,0.24125338528166115,-0.06060601242126956,-0.06186795234680176
81.52410078900175,81.7,81.5999984741211,0.011829137802124023,210.31472000000008,-76146229#1_0,0.0,0.0,203.50802587904246,-76146229#1_0,0.23526616408680937,-0.059872211948517884,-0.061094239354133606
81.62110970900176,81.8,81.69999694824219,0.00859832763671875,210.31472000000008,-76146229#1_0,0.0,0.0,203.53096126087675,-76146229#1_0,0.22935381834286095,-0.05912345743948416,-0.0603853315114975
81.71925061500042,81.9,81.80000305175781,0.015266656875610352,210.31472000000008,-76146229#1_0,0.0,0.0,203.5533122685351,-76146229#1_0,0.22351007658368377,-0.05843741759177179,-0.05966120585799217
81.8169679720013,82.0,81.9000015258789,0.013923406600952148,210.31472000000008,-76146229#1_0,0.0,0.0,203.57508590968519,-76146229#1_0,0.21773641150065226,-0.057736650830315095,-0.05890654772520065
81.91889544200058,82.1,82.0,0.01479339599609375,210.31472000000008,-76146229#1_0,0.0,0.0,203.59628948747016,-76146229#1_0,0.21203577784982638,-0.05700633650825876,-0.05813281610608101
82.01999675800107,82.2,82.0999984741211,0.01636338233947754,210.31472000000008,-76146229#1_0,0.0,0.0,203.6169304896154,-76146229#1_0,0.2064100214524637,-0.0562575639736268,-0.05734361708164215
82.11687545200039,82.3,82.19999694824219,0.013485431671142578,210.31472000000008,-76146229#1_0,0.0,0.0,203.63701655353083,-76146229#1_0,0.20086063915424027,-0.055493822982234375,-0.05659342184662819
82.22117955800059,82.4,82.30000305175781,0.0161130428314209,210.31472000000008,-76146229#1_0,0.0,0.0,203.65655493917032,-76146229#1_0,0.19538385639488914,-0.05476782759351123,-0.05585474893450737
82.31693864700173,82.5,82.4000015258789,0.011862516403198242,210.31472000000008,-76146229#1_0,0.0,0.0,203.6755527949814,-76146229#1_0,0.18997855811090456,-0.05405298283984589,-0.05508841574192047
82.41313709500173,82.6,82.5,0.010324716567993164,210.31472000000008,-76146229#1_0,0.0,0.0,203.69401753709175,-76146229#1_0,0.18464742110362192,-0.053311370072826325,-0.05430098623037338
82.51723597500131,82.7,82.5999984741211,0.011574745178222656,210.31472000000008,-76146229#1_0,0.0,0.0,203.71195678578698,-76146229#1_0,0.17939248695229545,-0.05254934151326468,-0.053499408066272736
82.61505894500078,82.8,82.69999694824219,0.011106252670288086,210.31472000000008,-76146229#1_0,0.0,0.0,203.72937829827512,-76146229#1_0,0.17421512488136584,-0.05177362070929614,-0.05270769074559212
82.71275561200127,82.9,82.80000305175781,0.00964975357055664,210.31472000000008,-76146229#1_0,0.0,0.0,203.74628973633668,-76146229#1_0,0.1691143806156634,-0.051007442657024504,-0.051953572779893875
82.81641706700066,83.0,82.9000015258789,0.01047062873840332,210.31472000000008,-76146229#1_0,0.0,0.0,203.76269839788748,-76146229#1_0,0.16408661550793172,-0.05027765107731674,-0.051179077476263046
82.91440057100044,83.1,83.0,0.010713577270507812,210.31472000000008,-76146229#1_0,0.0,0.0,203.77861177804334,-76146229#1_0,0.15913380155861595,-0.04952813949315765,-0.05038061365485191
83.01732142800029,83.2,83.0999984741211,0.012377500534057617,210.31472000000008,-76146229#1_0,0.0,0.0,203.7940376038735,-76146229#1_0,0.1542582583016948,-0.04875543256921161,-0.04956888407468796
83.11610304000169,83.3,83.19999694824219,0.01217961311340332,210.31472000000008,-76146229#1_0,0.0,0.0,203.80898373082553,-76146229#1_0,0.1494612695202734,-0.04796988781421402,-0.04874594137072563
83.21726761100035,83.4,83.30000305175781,0.012003898620605469,210.31472000000008,-76146229#1_0,0.0,0.0,203.82345812286107,-76146229#1_0,0.14474392035536446,-0.047173491649089294,-0.04795704782009125
83.31422929200016,83.5,83.4000015258789,0.010658025741577148,210.31472000000008,-76146229#1_0,0.0,0.0,203.83746841443383,-76146229#1_0,0.14010291572761369,-0.04641004627750772,-0.04717400297522545
83.41296161000173,83.6,83.5,0.009998083114624023,210.31472000000008,-76146229#1_0,0.0,0.0,203.85102676111714,-76146229#1_0,0.13558346683317454,-0.04519448894439143,-0.04637113958597183
83.51649940400057,83.7,83.5999984741211,0.012135982513427734,210.31472000000008,-76146229#1_0,0.0,0.0,203.86414774177842,-76146229#1_0,0.13120980661274956,-0.04373660220424985,-0.04565192759037018
83.61853563000113,83.8,83.69999694824219,0.013265848159790039,210.31472000000008,-76146229#1_0,0.0,0.0,203.876845464999,-76146229#1_0,0.12697723220588666,-0.042325744068628934,-0.04499797523021698
83.71781488300076,83.9,83.80000305175781,0.012341499328613281,210.31472000000008,-76146229#1_0,0.0,0.0,203.88913358424475,-76146229#1_0,0.12288119245730968,-0.04096039748576988,-0.044369831681251526
83.81644161200165,84.0,83.9000015258789,0.011917352676391602,210.31472000000008,-76146229#1_0,0.0,0.0,203.90102531254706,-76146229#1_0,0.11891728302320291,-0.03963909434106766,-0.04381478950381279
83.9172440600014,84.1,84.0,0.011970996856689453,210.31472000000008,-76146229#1_0,0.0,0.0,203.9125334367106,-76146229#1_0,0.11508124163535766,-0.03836041387845254,-0.043280210345983505
84.01791041600154,84.2,84.0999984741211,0.013564348220825195,210.31472000000008,-76146229#1_0,0.0,0.0,203.9236703310624,-76146229#1_0,0.11136894351808806,-0.037122981172695996,-0.042761050164699554
84.11639818399999,84.3,84.19999694824219,0.012379169464111328,210.31472000000008,-76146229#1_0,0.0,0.0,203.9344479707577,-76146229#1_0,0.10777639695298845,-0.03592546565099608,-0.04225890710949898
84.21556186200178,84.4,84.30000305175781,0.011726140975952148,210.31472000000008,-76146229#1_0,0.0,0.0,203.94487794465638,-76146229#1_0,0.10429973898676302,-0.03476657966225427,-0.041771989315748215
84.31253331600055,84.5,84.4000015258789,0.009704113006591797,210.31472000000008,-76146229#1_0,0.0,0.0,203.95497146778413,-76146229#1_0,0.1009352312775126,-0.03364507709250425,-0.041331108659505844
84.4179777390018,84.6,84.5,0.012607574462890625,210.31472000000008,-76146229#1_0,0.0,0.0,203.96473939339162,-76146229#1_0,0.0976792560750122,-0.032559752025003996,-0.04091615974903107
84.51467251600116,84.7,84.5999984741211,0.010415077209472656,210.31472000000008,-76146229#1_0,0.0,0.0,203.9741922246247,-76146229#1_0,0.09452831233065696,-0.031509437443552335,-0.040516018867492676
84.61698788000103,84.8,84.69999694824219,0.011760711669921875,210.31472000000008,-76146229#1_0,0.0,0.0,203.983340125818,-76146229#1_0,0.09147901193289383,-0.030493003977631328,-0.04013094678521156
84.70934297900021,84.9,84.80000305175781,0.005988359451293945,210.31472000000008,-76146229#1_0,0.0,0.0,203.9921929334244,-76146229#1_0,0.0885280760640908,-0.029509358688030313,-0.039755359292030334
84.81368161099999,85.0,84.9000015258789,0.010240316390991211,210.31472000000008,-76146229#1_0,0.0,0.0,204.0007601665919,-76146229#1_0,0.08567233167492658,-0.02855744389164222,-0.039393410086631775
84.91112136100128,85.1,85.0,0.007684946060180664,210.31472000000008,-76146229#1_0,0.0,0.0,204.00905103739916,-76146229#1_0,0.0829087080725096,-0.02763623602416984,-0.0390639565885067
85.01830259600138,85.2,85.0999984741211,0.013786792755126953,210.31472000000008,-76146229#1_0,0.0,0.0,204.01707446076102,-76146229#1_0,0.08023423361855767,-0.026744744539519277,-0.038743119686841965
85.10983618700084,85.3,85.19999694824219,0.0062139034271240234,210.31472000000008,-76146229#1_0,0.0,0.0,204.02483906401443,-76146229#1_0,0.07764603253408807,-0.025882010844695963,-0.038433827459812164
85.21661926500019,85.4,85.30000305175781,0.012050628662109375,210.31472000000008,-76146229#1_0,0.0,0.0,204.03235319619515,-76146229#1_0,0.075141321807182,-0.025047107269060703,-0.03813442960381508
85.31783375400119,85.5,85.4000015258789,0.012848615646362305,210.31472000000008,-76146229#1_0,0.0,0.0,204.0396249370152,-76146229#1_0,0.07271740820049871,-0.024239136066832867,-0.03784335404634476
85.4175438930015,85.6,85.5,0.013036489486694336,210.31472000000008,-76146229#1_0,0.0,0.0,204.04666210555072,-76146229#1_0,0.07037168535532133,-0.02345722845177381,-0.03756367787718773
85.51494083800026,85.7,85.5999984741211,0.010573387145996094,210.31472000000008,-76146229#1_0,0.0,0.0,204.0534722686496,-76146229#1_0,0.06810163098902064,-0.022700543663006917,-0.03728371113538742
85.61544342800153,85.8,85.69999694824219,0.011973857879638672,210.31472000000008,-76146229#1_0,0.0,0.0,204.0600627490679,-76146229#1_0,0.0659048041829232,-0.021968268060974377,-0.03701060637831688
85.71681352000087,85.9,85.80000305175781,0.012384891510009766,210.31472000000008,-76146229#1_0,0.0,0.0,204.06644063334366,-76146229#1_0,0.06377884275766761,-0.021259614252555903,-0.036747198551893234
85.81508198200027,86.0,85.9000015258789,0.011358976364135742,210.31472000000008,-76146229#1_0,0.0,0.0,204.07261277941697,-76146229#1_0,0.06172146073322672,-0.020573820244408902,-0.036492135375738144
85.91712356100106,86.1,86.0,0.013023138046264648,210.31472000000008,-76146229#1_0,0.0,0.0,204.07858582400405,-76146229#1_0,0.05973044587086457,-0.019910148623621532,-0.0362464040517807
86.01499536700067,86.2,86.0999984741211,0.010528087615966797,210.31472000000008,-76146229#1_0,0.0,0.0,204.0843661897335,-76146229#1_0,0.057803657294385066,-0.019267885764795017,-0.036006469279527664
86.1213870800002,86.3,86.19999694824219,0.010215520858764648,210.31472000000008,-76146229#1_0,0.0,0.0,204.0899600920523,-76146229#1_0,0.055939023188114584,-0.018646341062704824,-0.035775672644376755
86.22189536800033,86.4,86.30000305175781,0.008767127990722656,210.31472000000008,-76146229#1_0,0.0,0.0,204.0953735459092,-76146229#1_0,0.054134538569143145,-0.018044846189714386,-0.03553935885429382
86.31522638600109,86.5,86.4000015258789,0.005888700485229492,210.31472000000008,-76146229#1_0,0.0,0.0,204.10061237222234,-76146229#1_0,0.05238826313142885,-0.01746275437714294,-0.035281237214803696
86.41602742300165,86.6,86.5,0.0063250064849853516,210.31472000000008,-76146229#1_0,0.0,0.0,204.10568220413828,-76146229#1_0,0.05069831915944727,-0.01689943971981578,-0.035034533590078354
86.52028115700159,86.7,86.5999984741211,0.011472225189208984,210.31472000000008,-76146229#1_0,0.0,0.0,204.11058849308918,-76146229#1_0,0.049062889509142525,-0.016354296503047483,-0.03479382023215294
86.61770864500068,86.8,86.69999694824219,0.012369155883789062,210.31472000000008,-76146229#1_0,0.0,0.0,204.1153365146546,-76146229#1_0,0.047480215654008895,-0.015826738551336303,-0.03456242009997368
86.71549845400114,86.9,86.80000305175781,0.011715412139892578,210.31472000000008,-76146229#1_0,0.0,0.0,204.119931374234,-76146229#1_0,0.04594859579420216,-0.015316198598067376,-0.03433714807033539
86.81673546000093,87.0,86.9000015258789,0.01246500015258789,210.31472000000008,-76146229#1_0,0.0,0.0,204.12437801253665,-76146229#1_0,0.04446638302664725,-0.014822127675549052,-0.03411921113729477
86.91433503900043,87.1,87.0,0.009835958480834961,210.31472000000008,-76146229#1_0,0.0,0.0,204.12868121089406,-76146229#1_0,0.04303198357417476,-0.014343994524724929,-0.03390767425298691
87.0182486220001,87.2,87.0999984741211,0.014242887496948242,210.31472000000008,-76146229#1_0,0.0,0.0,204.13284559640124,-76146229#1_0,0.041643855071782025,-0.01388128502392734,-0.033703044056892395
87.11824780300049,87.3,87.19999694824219,0.01332855224609375,210.31472000000008,-76146229#1_0,0.0,0.0,204.13687564689207,-76146229#1_0,0.04030050490817615,-0.01343350163605872,-0.033505961298942566
87.21858934600095,87.4,87.30000305175781,0.013694286346435547,210.31472000000008,-76146229#1_0,0.0,0.0,204.14077569575414,-76146229#1_0,0.039000488620815635,-0.013000162873605184,-0.03329123929142952
87.31791850900117,87.5,87.4000015258789,0.013286113739013672,210.31472000000008,-76146229#1_0,0.0,0.0,204.14454993658842,-76146229#1_0,0.037742408342724805,-0.012580802780908298,-0.033045344054698944
87.41834954100159,87.6,87.5,0.01353001594543457,210.31472000000008,-76146229#1_0,0.0,0.0,204.14820242771836,-76146229#1_0,0.0365249112994111,-0.012174970433137047,-0.032805878669023514
87.51562851900053,87.7,87.5999984741211,0.011302709579467773,210.31472000000008,-76146229#1_0,0.0,0.0,204.15173709655377,-76146229#1_0,0.03534668835426881,-0.011782229451422904,-0.032576482743024826
87.61623980500008,87.8,87.69999694824219,0.011592388153076172,210.31472000000008,-76146229#1_0,0.0,0.0,204.15515774381387,-76146229#1_0,0.0342064726009053,-0.011402157533635104,-0.03235118091106415
87.71703341400098,87.9,87.80000305175781,0.013046979904174805,210.31472000000008,-76146229#1_0,0.0,0.0,204.15846804761395,-76146229#1_0,0.0331030380008761,-0.011034346000292003,-0.032135020941495895
87.81402380200052,88.0,87.9000015258789,0.010691165924072266,210.31472000000008,-76146229#1_0,0.0,0.0,204.16167156742048,-76146229#1_0,0.032035198065363965,-0.01067839935512134,-0.03192513808608055
87.91613205700014,88.1,88.0,0.012315511703491211,210.31472000000008,-76146229#1_0,0.0,0.0,204.16477174787843,-76146229#1_0,0.031001804579384482,-0.010333934859794829,-0.03172317519783974
88.01852020000115,88.2,88.0999984741211,0.014333963394165039,210.31472000000008,-76146229#1_0,0.0,0.0,204.16777192251516,-76146229#1_0,0.030001746367146274,-0.010000582122382078,-0.031526532024145126
88.11433968700112,88.3,88.19999694824219,0.010895729064941406,210.31472000000008,-76146229#1_0,0.0,0.0,204.17067531732488,-76146229#1_0,0.02903394809723833,-0.009677982699079456,-0.0313376858830452
88.21584113500103,88.4,88.30000305175781,0.011037826538085938,210.31472000000008,-76146229#1_0,0.0,0.0,204.17348505423752,-76146229#1_0,0.028097369126359673,-0.009365789708786557,-0.03115345537662506
88.31329613000162,88.5,88.4000015258789,0.009799957275390625,210.31472000000008,-76146229#1_0,0.0,0.0,204.17620415447556,-76146229#1_0,0.02719100238034807,-0.00906366746011602,-0.030977455899119377
88.4195015130008,88.6,88.5,0.01496267318725586,210.31472000000008,-76146229#1_0,0.0,0.0,204.1788355418027,-76146229#1_0,0.026313873271304584,-0.008771291090434868,-0.030805042013525963
88.51801920700018,88.7,88.5999984741211,0.013513565063476562,210.31472000000008,-76146229#1_0,0.0,0.0,204.18138204566768,-76146229#1_0,0.025465038649649597,-0.008488346216549876,-0.030637666583061218
88.61153971400017,88.8,88.69999694824219,0.008233308792114258,210.31472000000008,-76146229#1_0,0.0,0.0,204.18384640424668,-76146229#1_0,0.02464358578998348,-0.008214528596661164,-0.030476802960038185
88.71287564100021,88.9,88.80000305175781,0.008711576461791992,210.31472000000008,-76146229#1_0,0.0,0.0,204.18623126738765,-76146229#1_0,0.023848631409661432,-0.007949543803220487,-0.030321910977363586
88.81018740700165,89.0,88.9000015258789,0.006793022155761719,210.31472000000008,-76146229#1_0,0.0,0.0,204.18853919945957,-76146229#1_0,0.023079320719027192,-0.007693106906342395,-0.030109837651252747
88.9159233270002,89.1,89.0,0.012037277221679688,210.31472000000008,-76146229#1_0,0.0,0.0,204.1907726821098,-76146229#1_0,0.02233482650228438,-0.00744494216742813,-0.02989916317164898
89.01355049900121,89.2,89.0999984741211,0.009902000427246094,210.31472000000008,-76146229#1_0,0.0,0.0,204.1929341169326,-76146229#1_0,0.021614348228017142,-0.007204782742672375,-0.029695043340325356
89.11671187700085,89.3,89.19999694824219,0.011994600296020508,210.31472000000008,-76146229#1_0,0.0,0.0,204.19502582805146,-76146229#1_0,0.020917111188403687,-0.006972370396134547,-0.029498832300305367
89.21481076500095,89.4,89.30000305175781,0.010686874389648438,210.31472000000008,-76146229#1_0,0.0,0.0,204.19705006461808,-76146229#1_0,0.020242365666197117,-0.0067474552220657055,-0.029308168217539787
89.31677690400102,89.5,89.4000015258789,0.011971712112426758,210.31472000000008,-76146229#1_0,0.0,0.0,204.19900900323094,-76146229#1_0,0.019589386128577854,-0.0065297953761926306,-0.029124435037374496
89.41426123800011,89.6,89.5,0.010732173919677734,210.31472000000008,-76146229#1_0,0.0,0.0,204.20090475027564,-76146229#1_0,0.018957470447010825,-0.006319156815670288,-0.028945306316018105
89.51616405900131,89.7,89.5999984741211,0.011513948440551758,210.31472000000008,-76146229#1_0,0.0,0.0,204.20273934418987,-76146229#1_0,0.01834593914226854,-0.0061153130474228545,-0.028772195801138878
89.61294018500121,89.8,89.69999694824219,0.00964665412902832,210.31472000000008,-76146229#1_0,0.0,0.0,204.20451475765523,-76146229#1_0,0.017754134653808262,-0.00591804488460277,-0.028606535866856575
89.70960761900096,89.9,89.80000305175781,0.007256507873535156,210.31472000000008,-76146229#1_0,0.0,0.0,204.20623289971851,-76146229#1_0,0.017181420632717673,-0.0057271402109058955,-0.02844417467713356
